#sample	 RC_RC_0
#d(mm)	 1.0
#D(mm)	 1.0
#freq_start	 40
#freq_stop	 110000000
#sweep	 LOG
#num_points	 400
#bandwidth	 4
#voltage	 0.5
#point_average	 ON
#measurements_per_point	 64 
#notes	 R4,7kOhms_C47nF_R4.7kOhms_C10uF
#time_of_analysis	 1795.22099996
#Freq(Hz)	 Z(ohms)	 Phase(degrees)	 er_Re	 er_Im
4.0000e+01	4.6568e+03	-8.0054e+00	1.7111e+07	1.2167e+08
4.1514e+01	4.6532e+03	-7.9631e+00	1.6413e+07	1.1734e+08
4.3086e+01	4.6489e+03	-7.9362e+00	1.5776e+07	1.1317e+08
4.4717e+01	4.6449e+03	-7.9188e+00	1.5180e+07	1.0914e+08
4.6410e+01	4.6410e+03	-7.9068e+00	1.4617e+07	1.0525e+08
4.8167e+01	4.6375e+03	-7.9065e+00	1.4094e+07	1.0148e+08
4.9991e+01	4.6341e+03	-7.9213e+00	1.3615e+07	9.7849e+07
5.1884e+01	4.6308e+03	-7.9442e+00	1.3165e+07	9.4341e+07
5.3848e+01	4.6275e+03	-7.9749e+00	1.2743e+07	9.0958e+07
5.5887e+01	4.6244e+03	-8.0157e+00	1.2349e+07	8.7690e+07
5.8003e+01	4.6211e+03	-8.0703e+00	1.1987e+07	8.4540e+07
6.0198e+01	4.6180e+03	-8.1384e+00	1.1655e+07	8.1498e+07
6.2478e+01	4.6148e+03	-8.2136e+00	1.1340e+07	7.8564e+07
6.4843e+01	4.6117e+03	-8.2971e+00	1.1044e+07	7.5734e+07
6.7298e+01	4.6086e+03	-8.3904e+00	1.0768e+07	7.3003e+07
6.9846e+01	4.6056e+03	-8.4941e+00	1.0509e+07	7.0366e+07
7.2490e+01	4.6024e+03	-8.6090e+00	1.0269e+07	6.7826e+07
7.5235e+01	4.5991e+03	-8.7347e+00	1.0045e+07	6.5376e+07
7.8083e+01	4.5959e+03	-8.8794e+00	9.8440e+06	6.3011e+07
8.1039e+01	4.5925e+03	-9.0344e+00	9.6564e+06	6.0732e+07
8.4107e+01	4.5891e+03	-9.1961e+00	9.4763e+06	5.8534e+07
8.7292e+01	4.5853e+03	-9.3683e+00	9.3076e+06	5.6417e+07
9.0596e+01	4.5815e+03	-9.5541e+00	9.1520e+06	5.4375e+07
9.4026e+01	4.5777e+03	-9.7537e+00	9.0081e+06	5.2404e+07
9.7586e+01	4.5736e+03	-9.9698e+00	8.8778e+06	5.0504e+07
1.0128e+02	4.5694e+03	-1.0195e+01	8.7530e+06	4.8672e+07
1.0511e+02	4.5648e+03	-1.0432e+01	8.6365e+06	4.6909e+07
1.0910e+02	4.5601e+03	-1.0684e+01	8.5288e+06	4.5208e+07
1.1322e+02	4.5550e+03	-1.0949e+01	8.4283e+06	4.3568e+07
1.1751e+02	4.5499e+03	-1.1229e+01	8.3356e+06	4.1986e+07
1.2196e+02	4.5445e+03	-1.1525e+01	8.2503e+06	4.0460e+07
1.2658e+02	4.5388e+03	-1.1835e+01	8.1704e+06	3.8990e+07
1.3137e+02	4.5327e+03	-1.2161e+01	8.0967e+06	3.7573e+07
1.3634e+02	4.5261e+03	-1.2504e+01	8.0299e+06	3.6208e+07
1.4151e+02	4.5190e+03	-1.2862e+01	7.9673e+06	3.4892e+07
1.4686e+02	4.5117e+03	-1.3233e+01	7.9064e+06	3.3623e+07
1.5242e+02	4.5040e+03	-1.3618e+01	7.8493e+06	3.2400e+07
1.5819e+02	4.4958e+03	-1.4021e+01	7.7962e+06	3.1221e+07
1.6418e+02	4.4867e+03	-1.4441e+01	7.7478e+06	3.0087e+07
1.7040e+02	4.4770e+03	-1.4878e+01	7.7028e+06	2.8994e+07
1.7685e+02	4.4669e+03	-1.5333e+01	7.6611e+06	2.7940e+07
1.8355e+02	4.4564e+03	-1.5808e+01	7.6224e+06	2.6922e+07
1.9049e+02	4.4450e+03	-1.6300e+01	7.5862e+06	2.5942e+07
1.9771e+02	4.4329e+03	-1.6811e+01	7.5525e+06	2.4998e+07
2.0519e+02	4.4199e+03	-1.7341e+01	7.5214e+06	2.4088e+07
2.1296e+02	4.4059e+03	-1.7888e+01	7.4922e+06	2.3213e+07
2.2102e+02	4.3911e+03	-1.8458e+01	7.4659e+06	2.2368e+07
2.2939e+02	4.3754e+03	-1.9045e+01	7.4408e+06	2.1555e+07
2.3808e+02	4.3587e+03	-1.9655e+01	7.4185e+06	2.0770e+07
2.4709e+02	4.3410e+03	-2.0285e+01	7.3972e+06	2.0014e+07
2.5645e+02	4.3222e+03	-2.0932e+01	7.3768e+06	1.9285e+07
2.6615e+02	4.3024e+03	-2.1597e+01	7.3565e+06	1.8584e+07
2.7623e+02	4.2812e+03	-2.2281e+01	7.3375e+06	1.7908e+07
2.8669e+02	4.2588e+03	-2.2987e+01	7.3204e+06	1.7257e+07
2.9754e+02	4.2350e+03	-2.3716e+01	7.3051e+06	1.6629e+07
3.0881e+02	4.2098e+03	-2.4468e+01	7.2916e+06	1.6024e+07
3.2050e+02	4.1831e+03	-2.5239e+01	7.2790e+06	1.5441e+07
3.3263e+02	4.1550e+03	-2.6032e+01	7.2674e+06	1.4880e+07
3.4523e+02	4.1253e+03	-2.6844e+01	7.2568e+06	1.4339e+07
3.5830e+02	4.0940e+03	-2.7674e+01	7.2463e+06	1.3818e+07
3.7186e+02	4.0612e+03	-2.8523e+01	7.2366e+06	1.3315e+07
3.8594e+02	4.0269e+03	-2.9389e+01	7.2266e+06	1.2831e+07
4.0055e+02	3.9908e+03	-3.0275e+01	7.2181e+06	1.2365e+07
4.1572e+02	3.9531e+03	-3.1180e+01	7.2101e+06	1.1915e+07
4.3145e+02	3.9137e+03	-3.2103e+01	7.2029e+06	1.1481e+07
4.4779e+02	3.8726e+03	-3.3039e+01	7.1957e+06	1.1064e+07
4.6474e+02	3.8297e+03	-3.3989e+01	7.1886e+06	1.0662e+07
4.8234e+02	3.7851e+03	-3.4954e+01	7.1820e+06	1.0275e+07
5.0060e+02	3.7388e+03	-3.5932e+01	7.1759e+06	9.9013e+06
5.1955e+02	3.6906e+03	-3.6924e+01	7.1706e+06	9.5420e+06
5.3922e+02	3.6409e+03	-3.7928e+01	7.1656e+06	9.1953e+06
5.5964e+02	3.5895e+03	-3.8940e+01	7.1608e+06	8.8616e+06
5.8082e+02	3.5365e+03	-3.9962e+01	7.1563e+06	8.5401e+06
6.0281e+02	3.4820e+03	-4.0991e+01	7.1522e+06	8.2303e+06
6.2564e+02	3.4259e+03	-4.2026e+01	7.1484e+06	7.9320e+06
6.4932e+02	3.3685e+03	-4.3067e+01	7.1451e+06	7.6443e+06
6.7391e+02	3.3099e+03	-4.4108e+01	7.1415e+06	7.3673e+06
6.9942e+02	3.2493e+03	-4.5141e+01	7.1383e+06	7.1034e+06
7.2590e+02	3.1885e+03	-4.6183e+01	7.1350e+06	6.8462e+06
7.5338e+02	3.1267e+03	-4.7224e+01	7.1317e+06	6.5984e+06
7.8191e+02	3.0639e+03	-4.8264e+01	7.1289e+06	6.3597e+06
8.1151e+02	3.0003e+03	-4.9300e+01	7.1263e+06	6.1295e+06
8.4223e+02	2.9361e+03	-5.0331e+01	7.1240e+06	5.9080e+06
8.7412e+02	2.8714e+03	-5.1356e+01	7.1219e+06	5.6943e+06
9.0721e+02	2.8063e+03	-5.2370e+01	7.1196e+06	5.4887e+06
9.4156e+02	2.7410e+03	-5.3374e+01	7.1170e+06	5.2905e+06
9.7721e+02	2.6755e+03	-5.4370e+01	7.1149e+06	5.0993e+06
1.0142e+03	2.6099e+03	-5.5354e+01	7.1132e+06	4.9154e+06
1.0526e+03	2.5445e+03	-5.6327e+01	7.1115e+06	4.7379e+06
1.0925e+03	2.4792e+03	-5.7285e+01	7.1098e+06	4.5670e+06
1.1338e+03	2.4142e+03	-5.8218e+01	7.1074e+06	4.4037e+06
1.1767e+03	2.3497e+03	-5.9144e+01	7.1059e+06	4.2453e+06
1.2213e+03	2.2857e+03	-6.0056e+01	7.1044e+06	4.0925e+06
1.2675e+03	2.2223e+03	-6.0943e+01	7.1024e+06	3.9462e+06
1.3155e+03	2.1596e+03	-6.1815e+01	7.1007e+06	3.8050e+06
1.3653e+03	2.0977e+03	-6.2673e+01	7.0992e+06	3.6684e+06
1.4170e+03	2.0367e+03	-6.3512e+01	7.0976e+06	3.5369e+06
1.4707e+03	1.9767e+03	-6.4333e+01	7.0961e+06	3.4102e+06
1.5263e+03	1.9176e+03	-6.5130e+01	7.0944e+06	3.2886e+06
1.5841e+03	1.8595e+03	-6.5907e+01	7.0929e+06	3.1718e+06
1.6441e+03	1.8024e+03	-6.6664e+01	7.0915e+06	3.0593e+06
1.7063e+03	1.7466e+03	-6.7407e+01	7.0899e+06	2.9503e+06
1.7709e+03	1.6918e+03	-6.8129e+01	7.0888e+06	2.8456e+06
1.8380e+03	1.6383e+03	-6.8831e+01	7.0877e+06	2.7448e+06
1.9076e+03	1.5859e+03	-6.9513e+01	7.0867e+06	2.6477e+06
1.9798e+03	1.5348e+03	-7.0175e+01	7.0855e+06	2.5544e+06
2.0548e+03	1.4850e+03	-7.0819e+01	7.0843e+06	2.4645e+06
2.1325e+03	1.4364e+03	-7.1443e+01	7.0828e+06	2.3777e+06
2.2133e+03	1.3891e+03	-7.2049e+01	7.0815e+06	2.2943e+06
2.2971e+03	1.3431e+03	-7.2635e+01	7.0803e+06	2.2141e+06
2.3840e+03	1.2983e+03	-7.3205e+01	7.0790e+06	2.1366e+06
2.4743e+03	1.2548e+03	-7.3758e+01	7.0775e+06	2.0619e+06
2.5680e+03	1.2124e+03	-7.4291e+01	7.0763e+06	1.9903e+06
2.6652e+03	1.1713e+03	-7.4805e+01	7.0749e+06	1.9215e+06
2.7661e+03	1.1314e+03	-7.5306e+01	7.0737e+06	1.8549e+06
2.8708e+03	1.0927e+03	-7.5790e+01	7.0728e+06	1.7910e+06
2.9795e+03	1.0551e+03	-7.6258e+01	7.0717e+06	1.7294e+06
3.0923e+03	1.0187e+03	-7.6711e+01	7.0705e+06	1.6700e+06
3.2094e+03	9.8348e+02	-7.7147e+01	7.0692e+06	1.6129e+06
3.3309e+03	9.4939e+02	-7.7563e+01	7.0675e+06	1.5586e+06
3.4570e+03	9.1633e+02	-7.7967e+01	7.0661e+06	1.5061e+06
3.5879e+03	8.8434e+02	-7.8357e+01	7.0647e+06	1.4557e+06
3.7237e+03	8.5338e+02	-7.8734e+01	7.0634e+06	1.4071e+06
3.8647e+03	8.2343e+02	-7.9096e+01	7.0620e+06	1.3604e+06
4.0110e+03	7.9447e+02	-7.9446e+01	7.0605e+06	1.3155e+06
4.1629e+03	7.6644e+02	-7.9785e+01	7.0594e+06	1.2721e+06
4.3205e+03	7.3936e+02	-8.0110e+01	7.0581e+06	1.2306e+06
4.4841e+03	7.1321e+02	-8.0422e+01	7.0565e+06	1.1908e+06
4.6538e+03	6.8790e+02	-8.0722e+01	7.0555e+06	1.1526e+06
4.8300e+03	6.6348e+02	-8.1012e+01	7.0541e+06	1.1158e+06
5.0129e+03	6.3989e+02	-8.1288e+01	7.0526e+06	1.0807e+06
5.2027e+03	6.1713e+02	-8.1557e+01	7.0509e+06	1.0466e+06
5.3996e+03	5.9515e+02	-8.1815e+01	7.0493e+06	1.0139e+06
5.6041e+03	5.7391e+02	-8.2063e+01	7.0478e+06	9.8257e+05
5.8162e+03	5.5344e+02	-8.2302e+01	7.0459e+06	9.5237e+05
6.0365e+03	5.3363e+02	-8.2530e+01	7.0446e+06	9.2372e+05
6.2650e+03	5.1453e+02	-8.2749e+01	7.0430e+06	8.9607e+05
6.5022e+03	4.9609e+02	-8.2959e+01	7.0416e+06	8.6976e+05
6.7484e+03	4.7830e+02	-8.3159e+01	7.0401e+06	8.4462e+05
7.0038e+03	4.6113e+02	-8.3350e+01	7.0387e+06	8.2059e+05
7.2690e+03	4.4457e+02	-8.3534e+01	7.0371e+06	7.9760e+05
7.5442e+03	4.2861e+02	-8.3712e+01	7.0353e+06	7.7523e+05
7.8298e+03	4.1322e+02	-8.3879e+01	7.0334e+06	7.5428e+05
8.1263e+03	3.9836e+02	-8.4032e+01	7.0316e+06	7.3510e+05
8.4339e+03	3.8405e+02	-8.4188e+01	7.0295e+06	7.1555e+05
8.7532e+03	3.7025e+02	-8.4335e+01	7.0274e+06	6.9705e+05
9.0846e+03	3.5693e+02	-8.4478e+01	7.0253e+06	6.7923e+05
9.4286e+03	3.4408e+02	-8.4618e+01	7.0235e+06	6.6172e+05
9.7855e+03	3.3166e+02	-8.4744e+01	7.0222e+06	6.4598e+05
1.0156e+04	3.1972e+02	-8.4862e+01	7.0200e+06	6.3125e+05
1.0541e+04	3.0821e+02	-8.4978e+01	7.0179e+06	6.1669e+05
1.0940e+04	2.9709e+02	-8.5086e+01	7.0160e+06	6.0315e+05
1.1354e+04	2.8637e+02	-8.5188e+01	7.0142e+06	5.9051e+05
1.1784e+04	2.7605e+02	-8.5288e+01	7.0120e+06	5.7796e+05
1.2230e+04	2.6610e+02	-8.5386e+01	7.0100e+06	5.6579e+05
1.2693e+04	2.5648e+02	-8.5467e+01	7.0083e+06	5.5565e+05
1.3173e+04	2.4723e+02	-8.5550e+01	7.0061e+06	5.4521e+05
1.3672e+04	2.3832e+02	-8.5628e+01	7.0036e+06	5.3544e+05
1.4190e+04	2.2973e+02	-8.5703e+01	7.0013e+06	5.2603e+05
1.4727e+04	2.2143e+02	-8.5773e+01	6.9992e+06	5.1728e+05
1.5284e+04	2.1344e+02	-8.5839e+01	6.9968e+06	5.0909e+05
1.5863e+04	2.0575e+02	-8.5891e+01	6.9942e+06	5.0248e+05
1.6464e+04	1.9832e+02	-8.5940e+01	6.9918e+06	4.9631e+05
1.7087e+04	1.9117e+02	-8.5986e+01	6.9892e+06	4.9045e+05
1.7734e+04	1.8427e+02	-8.6031e+01	6.9867e+06	4.8478e+05
1.8405e+04	1.7762e+02	-8.6076e+01	6.9843e+06	4.7912e+05
1.9102e+04	1.7121e+02	-8.6112e+01	6.9819e+06	4.7454e+05
1.9825e+04	1.6503e+02	-8.6137e+01	6.9795e+06	4.7124e+05
2.0576e+04	1.5907e+02	-8.6162e+01	6.9771e+06	4.6801e+05
2.1355e+04	1.5333e+02	-8.6185e+01	6.9744e+06	4.6510e+05
2.2163e+04	1.4779e+02	-8.6207e+01	6.9717e+06	4.6220e+05
2.3002e+04	1.4246e+02	-8.6224e+01	6.9690e+06	4.6000e+05
2.3873e+04	1.3732e+02	-8.6232e+01	6.9661e+06	4.5882e+05
2.4777e+04	1.3237e+02	-8.6237e+01	6.9631e+06	4.5799e+05
2.5715e+04	1.2760e+02	-8.6240e+01	6.9600e+06	4.5743e+05
2.6689e+04	1.2300e+02	-8.6239e+01	6.9567e+06	4.5727e+05
2.7699e+04	1.1857e+02	-8.6235e+01	6.9536e+06	4.5765e+05
2.8748e+04	1.1429e+02	-8.6227e+01	6.9507e+06	4.5834e+05
2.9836e+04	1.1016e+02	-8.6216e+01	6.9478e+06	4.5957e+05
3.0966e+04	1.0619e+02	-8.6200e+01	6.9447e+06	4.6127e+05
3.2138e+04	1.0237e+02	-8.6178e+01	6.9411e+06	4.6368e+05
3.3355e+04	9.8681e+01	-8.6153e+01	6.9376e+06	4.6657e+05
3.4618e+04	9.5129e+01	-8.6122e+01	6.9339e+06	4.7002e+05
3.5928e+04	9.1704e+01	-8.6088e+01	6.9301e+06	4.7393e+05
3.7289e+04	8.8404e+01	-8.6048e+01	6.9263e+06	4.7848e+05
3.8700e+04	8.5221e+01	-8.6004e+01	6.9225e+06	4.8357e+05
4.0166e+04	8.2154e+01	-8.5957e+01	6.9186e+06	4.8903e+05
4.1686e+04	7.9200e+01	-8.5907e+01	6.9144e+06	4.9473e+05
4.3264e+04	7.6354e+01	-8.5854e+01	6.9100e+06	5.0085e+05
4.4902e+04	7.3608e+01	-8.5796e+01	6.9058e+06	5.0766e+05
4.6602e+04	7.0963e+01	-8.5733e+01	6.9013e+06	5.1494e+05
4.8367e+04	6.8415e+01	-8.5666e+01	6.8967e+06	5.2274e+05
5.0198e+04	6.5957e+01	-8.5594e+01	6.8921e+06	5.3104e+05
5.2098e+04	6.3591e+01	-8.5521e+01	6.8870e+06	5.3948e+05
5.4071e+04	6.1311e+01	-8.5440e+01	6.8819e+06	5.4889e+05
5.6118e+04	5.9111e+01	-8.5356e+01	6.8767e+06	5.5865e+05
5.8243e+04	5.6992e+01	-8.5267e+01	6.8713e+06	5.6893e+05
6.0448e+04	5.4949e+01	-8.5174e+01	6.8659e+06	5.7969e+05
6.2736e+04	5.2982e+01	-8.5075e+01	6.8601e+06	5.9119e+05
6.5111e+04	5.1086e+01	-8.4971e+01	6.8541e+06	6.0318e+05
6.7576e+04	4.9258e+01	-8.4862e+01	6.8479e+06	6.1571e+05
7.0135e+04	4.7497e+01	-8.4749e+01	6.8416e+06	6.2878e+05
7.2790e+04	4.5799e+01	-8.4630e+01	6.8350e+06	6.4253e+05
7.5546e+04	4.4163e+01	-8.4506e+01	6.8283e+06	6.5674e+05
7.8406e+04	4.2586e+01	-8.4374e+01	6.8213e+06	6.7197e+05
8.1375e+04	4.1068e+01	-8.4237e+01	6.8138e+06	6.8770e+05
8.4455e+04	3.9604e+01	-8.4097e+01	6.8061e+06	7.0374e+05
8.7653e+04	3.8194e+01	-8.3948e+01	6.7982e+06	7.2076e+05
9.0971e+04	3.6836e+01	-8.3794e+01	6.7897e+06	7.3833e+05
9.4416e+04	3.5527e+01	-8.3633e+01	6.7810e+06	7.5663e+05
9.7990e+04	3.4265e+01	-8.3468e+01	6.7721e+06	7.7543e+05
1.0170e+05	3.3049e+01	-8.3295e+01	6.7628e+06	7.9508e+05
1.0555e+05	3.1876e+01	-8.3114e+01	6.7532e+06	8.1549e+05
1.0955e+05	3.0748e+01	-8.2926e+01	6.7430e+06	8.3675e+05
1.1369e+05	2.9660e+01	-8.2732e+01	6.7323e+06	8.5865e+05
1.1800e+05	2.8614e+01	-8.2532e+01	6.7210e+06	8.8107e+05
1.2247e+05	2.7605e+01	-8.2326e+01	6.7092e+06	9.0405e+05
1.2710e+05	2.6633e+01	-8.2109e+01	6.6969e+06	9.2818e+05
1.3191e+05	2.5697e+01	-8.1886e+01	6.6841e+06	9.5295e+05
1.3691e+05	2.4794e+01	-8.1655e+01	6.6709e+06	9.7855e+05
1.4209e+05	2.3924e+01	-8.1416e+01	6.6570e+06	1.0049e+06
1.4747e+05	2.3087e+01	-8.1167e+01	6.6424e+06	1.0322e+06
1.5305e+05	2.2280e+01	-8.0913e+01	6.6272e+06	1.0600e+06
1.5885e+05	2.1504e+01	-8.0649e+01	6.6111e+06	1.0887e+06
1.6486e+05	2.0755e+01	-8.0373e+01	6.5944e+06	1.1185e+06
1.7110e+05	2.0034e+01	-8.0089e+01	6.5768e+06	1.1491e+06
1.7758e+05	1.9341e+01	-7.9797e+01	6.5582e+06	1.1804e+06
1.8431e+05	1.8672e+01	-7.9494e+01	6.5389e+06	1.2126e+06
1.9128e+05	1.8028e+01	-7.9181e+01	6.5187e+06	1.2458e+06
1.9853e+05	1.7408e+01	-7.8858e+01	6.4975e+06	1.2797e+06
2.0604e+05	1.6811e+01	-7.8525e+01	6.4753e+06	1.3145e+06
2.1384e+05	1.6236e+01	-7.8183e+01	6.4522e+06	1.3500e+06
2.2194e+05	1.5683e+01	-7.7828e+01	6.4277e+06	1.3864e+06
2.3034e+05	1.5150e+01	-7.7462e+01	6.4020e+06	1.4238e+06
2.3906e+05	1.4637e+01	-7.7085e+01	6.3753e+06	1.4619e+06
2.4811e+05	1.4143e+01	-7.6696e+01	6.3473e+06	1.5009e+06
2.5751e+05	1.3668e+01	-7.6294e+01	6.3176e+06	1.5408e+06
2.6726e+05	1.3211e+01	-7.5880e+01	6.2865e+06	1.5814e+06
2.7737e+05	1.2771e+01	-7.5455e+01	6.2540e+06	1.6226e+06
2.8788e+05	1.2347e+01	-7.5017e+01	6.2198e+06	1.6646e+06
2.9877e+05	1.1941e+01	-7.4566e+01	6.1839e+06	1.7073e+06
3.1009e+05	1.1549e+01	-7.4101e+01	6.1464e+06	1.7507e+06
3.2183e+05	1.1172e+01	-7.3622e+01	6.1070e+06	1.7948e+06
3.3401e+05	1.0810e+01	-7.3131e+01	6.0658e+06	1.8394e+06
3.4666e+05	1.0462e+01	-7.2624e+01	6.0225e+06	1.8846e+06
3.5978e+05	1.0128e+01	-7.2104e+01	5.9773e+06	1.9302e+06
3.7340e+05	9.8058e+00	-7.1570e+01	5.9300e+06	1.9761e+06
3.8754e+05	9.4965e+00	-7.1027e+01	5.8809e+06	2.0218e+06
4.0221e+05	9.1995e+00	-7.0466e+01	5.8294e+06	2.0682e+06
4.1744e+05	8.9142e+00	-6.9892e+01	5.7756e+06	2.1145e+06
4.3324e+05	8.6401e+00	-6.9306e+01	5.7196e+06	2.1606e+06
4.4964e+05	8.3774e+00	-6.8705e+01	5.6610e+06	2.2065e+06
4.6667e+05	8.1249e+00	-6.8090e+01	5.6001e+06	2.2524e+06
4.8433e+05	7.8829e+00	-6.7459e+01	5.5365e+06	2.2980e+06
5.0267e+05	7.6504e+00	-6.6817e+01	5.4708e+06	2.3428e+06
5.2170e+05	7.4277e+00	-6.6160e+01	5.4022e+06	2.3872e+06
5.4145e+05	7.2141e+00	-6.5492e+01	5.3313e+06	2.4305e+06
5.6195e+05	7.0093e+00	-6.4813e+01	5.2579e+06	2.4728e+06
5.8323e+05	6.8133e+00	-6.4120e+01	5.1819e+06	2.5140e+06
6.0531e+05	6.6254e+00	-6.3415e+01	5.1034e+06	2.5539e+06
6.2823e+05	6.4455e+00	-6.2699e+01	5.0225e+06	2.5924e+06
6.5201e+05	6.2735e+00	-6.1972e+01	4.9390e+06	2.6292e+06
6.7670e+05	6.1088e+00	-6.1238e+01	4.8534e+06	2.6640e+06
7.0232e+05	5.9512e+00	-6.0493e+01	4.7655e+06	2.6970e+06
7.2891e+05	5.8006e+00	-5.9745e+01	4.6757e+06	2.7273e+06
7.5650e+05	5.6568e+00	-5.8986e+01	4.5836e+06	2.7556e+06
7.8514e+05	5.5193e+00	-5.8221e+01	4.4897e+06	2.7814e+06
8.1487e+05	5.3881e+00	-5.7451e+01	4.3939e+06	2.8045e+06
8.4572e+05	5.2632e+00	-5.6675e+01	4.2962e+06	2.8248e+06
8.7774e+05	5.1442e+00	-5.5890e+01	4.1967e+06	2.8425e+06
9.1097e+05	5.0304e+00	-5.5110e+01	4.0965e+06	2.8568e+06
9.4546e+05	4.9224e+00	-5.4326e+01	3.9949e+06	2.8679e+06
9.8125e+05	4.8189e+00	-5.3547e+01	3.8931e+06	2.8758e+06
1.0184e+06	4.7205e+00	-5.2769e+01	3.7905e+06	2.8804e+06
1.0570e+06	4.6270e+00	-5.1991e+01	3.6873e+06	2.8818e+06
1.0970e+06	4.5389e+00	-5.1210e+01	3.5828e+06	2.8797e+06
1.1385e+06	4.4560e+00	-5.0457e+01	3.4789e+06	2.8722e+06
1.1816e+06	4.3762e+00	-4.9697e+01	3.3754e+06	2.8629e+06
1.2263e+06	4.3007e+00	-4.8942e+01	3.2721e+06	2.8502e+06
1.2728e+06	4.2292e+00	-4.8196e+01	3.1694e+06	2.8342e+06
1.3210e+06	4.1618e+00	-4.7454e+01	3.0670e+06	2.8150e+06
1.3710e+06	4.0977e+00	-4.6732e+01	2.9665e+06	2.7923e+06
1.4229e+06	4.0367e+00	-4.6028e+01	2.8676e+06	2.7665e+06
1.4767e+06	3.9790e+00	-4.5344e+01	2.7706e+06	2.7375e+06
1.5327e+06	3.9249e+00	-4.4672e+01	2.6748e+06	2.7056e+06
1.5907e+06	3.8739e+00	-4.4016e+01	2.5808e+06	2.6710e+06
1.6509e+06	3.8256e+00	-4.3380e+01	2.4889e+06	2.6338e+06
1.7134e+06	3.7800e+00	-4.2766e+01	2.3994e+06	2.5942e+06
1.7783e+06	3.7371e+00	-4.2176e+01	2.3122e+06	2.5522e+06
1.8456e+06	3.6976e+00	-4.1599e+01	2.2265e+06	2.5079e+06
1.9155e+06	3.6607e+00	-4.1046e+01	2.1433e+06	2.4616e+06
1.9880e+06	3.6258e+00	-4.0523e+01	2.0630e+06	2.4136e+06
2.0633e+06	3.5932e+00	-4.0025e+01	1.9854e+06	2.3640e+06
2.1414e+06	3.5628e+00	-3.9556e+01	1.9104e+06	2.3129e+06
2.2224e+06	3.5349e+00	-3.9107e+01	1.8376e+06	2.2606e+06
2.3066e+06	3.5093e+00	-3.8687e+01	1.7673e+06	2.2070e+06
2.3939e+06	3.4850e+00	-3.8302e+01	1.7003e+06	2.1528e+06
2.4845e+06	3.4624e+00	-3.7949e+01	1.6361e+06	2.0979e+06
2.5786e+06	3.4414e+00	-3.7631e+01	1.5747e+06	2.0425e+06
2.6762e+06	3.4218e+00	-3.7344e+01	1.5160e+06	1.9869e+06
2.7776e+06	3.4038e+00	-3.7093e+01	1.4600e+06	1.9309e+06
2.8827e+06	3.3873e+00	-3.6874e+01	1.4065e+06	1.8750e+06
2.9919e+06	3.3728e+00	-3.6685e+01	1.3550e+06	1.8188e+06
3.1051e+06	3.3602e+00	-3.6524e+01	1.3055e+06	1.7627e+06
3.2227e+06	3.3489e+00	-3.6400e+01	1.2584e+06	1.7069e+06
3.3447e+06	3.3388e+00	-3.6313e+01	1.2137e+06	1.6514e+06
3.4713e+06	3.3300e+00	-3.6261e+01	1.1710e+06	1.5964e+06
3.6028e+06	3.3231e+00	-3.6241e+01	1.1301e+06	1.5418e+06
3.7392e+06	3.3174e+00	-3.6258e+01	1.0912e+06	1.4878e+06
3.8807e+06	3.3131e+00	-3.6312e+01	1.0541e+06	1.4344e+06
4.0276e+06	3.3100e+00	-3.6401e+01	1.0188e+06	1.3818e+06
4.1801e+06	3.3086e+00	-3.6522e+01	9.8484e+05	1.3299e+06
4.3384e+06	3.3094e+00	-3.6671e+01	9.5200e+05	1.2785e+06
4.5026e+06	3.3129e+00	-3.6846e+01	9.2006e+05	1.2278e+06
4.6731e+06	3.3171e+00	-3.7064e+01	8.8986e+05	1.1782e+06
4.8500e+06	3.3219e+00	-3.7320e+01	8.6122e+05	1.1297e+06
5.0336e+06	3.3278e+00	-3.7618e+01	8.3397e+05	1.0822e+06
5.2242e+06	3.3355e+00	-3.7948e+01	8.0768e+05	1.0357e+06
5.4220e+06	3.3444e+00	-3.8315e+01	7.8251e+05	9.9029e+05
5.6273e+06	3.3549e+00	-3.8714e+01	7.5820e+05	9.4590e+05
5.8403e+06	3.3675e+00	-3.9143e+01	7.3459e+05	9.0251e+05
6.0614e+06	3.3821e+00	-3.9605e+01	7.1170e+05	8.6015e+05
6.2909e+06	3.3988e+00	-4.0095e+01	6.8938e+05	8.1882e+05
6.5291e+06	3.4178e+00	-4.0613e+01	6.6763e+05	7.7857e+05
6.7763e+06	3.4387e+00	-4.1159e+01	6.4643e+05	7.3947e+05
7.0328e+06	3.4616e+00	-4.1738e+01	6.2585e+05	7.0150e+05
7.2991e+06	3.4861e+00	-4.2351e+01	6.0592e+05	6.6471e+05
7.5754e+06	3.5127e+00	-4.2993e+01	5.8648e+05	6.2909e+05
7.8622e+06	3.5420e+00	-4.3656e+01	5.6733e+05	5.9459e+05
8.1599e+06	3.5739e+00	-4.4346e+01	5.4856e+05	5.6123e+05
8.4688e+06	3.6084e+00	-4.5061e+01	5.3014e+05	5.2901e+05
8.7895e+06	3.6458e+00	-4.5796e+01	5.1199e+05	4.9796e+05
9.1222e+06	3.6860e+00	-4.6550e+01	4.9413e+05	4.6810e+05
9.4676e+06	3.7292e+00	-4.7323e+01	4.7657e+05	4.3941e+05
9.8260e+06	3.7750e+00	-4.8117e+01	4.5936e+05	4.1191e+05
1.0198e+07	3.8235e+00	-4.8937e+01	4.4256e+05	3.8557e+05
1.0584e+07	3.8749e+00	-4.9773e+01	4.2606e+05	3.6040e+05
1.0985e+07	3.9301e+00	-5.0619e+01	4.0976e+05	3.3635e+05
1.1401e+07	3.9895e+00	-5.1479e+01	3.9368e+05	3.1339e+05
1.1832e+07	4.0524e+00	-5.2347e+01	3.7790e+05	2.9158e+05
1.2280e+07	4.1189e+00	-5.3227e+01	3.6243e+05	2.7086e+05
1.2745e+07	4.1896e+00	-5.4114e+01	3.4725e+05	2.5124e+05
1.3228e+07	4.2647e+00	-5.5005e+01	3.3235e+05	2.3267e+05
1.3729e+07	4.3443e+00	-5.5898e+01	3.1775e+05	2.1515e+05
1.4248e+07	4.4282e+00	-5.6794e+01	3.0350e+05	1.9865e+05
1.4788e+07	4.5173e+00	-5.7688e+01	2.8956e+05	1.8313e+05
1.5348e+07	4.6052e+00	-5.8595e+01	2.7637e+05	1.6873e+05
1.5929e+07	4.7035e+00	-5.9489e+01	2.6318e+05	1.5509e+05
1.6532e+07	4.8070e+00	-6.0377e+01	2.5035e+05	1.4235e+05
1.7158e+07	4.9161e+00	-6.1259e+01	2.3790e+05	1.3047e+05
1.7807e+07	5.0306e+00	-6.2137e+01	2.2586e+05	1.1940e+05
1.8481e+07	5.1511e+00	-6.3004e+01	2.1421e+05	1.0913e+05
1.9181e+07	5.2778e+00	-6.3861e+01	2.0295e+05	9.9598e+04
1.9907e+07	5.4106e+00	-6.4709e+01	1.9211e+05	9.0775e+04
2.0661e+07	5.5500e+00	-6.5544e+01	1.8168e+05	8.2630e+04
2.1443e+07	5.6963e+00	-6.6365e+01	1.7165e+05	7.5118e+04
2.2255e+07	5.8496e+00	-6.7172e+01	1.6203e+05	6.8205e+04
2.3098e+07	6.0101e+00	-6.7966e+01	1.5282e+05	6.1852e+04
2.3972e+07	6.1781e+00	-6.8744e+01	1.4402e+05	5.6025e+04
2.4880e+07	6.3537e+00	-6.9506e+01	1.3562e+05	5.0689e+04
2.5822e+07	6.5372e+00	-7.0253e+01	1.2761e+05	4.5810e+04
2.6799e+07	6.7287e+00	-7.0986e+01	1.1999e+05	4.1349e+04
2.7814e+07	6.9289e+00	-7.1702e+01	1.1275e+05	3.7285e+04
2.8867e+07	7.1377e+00	-7.2403e+01	1.0588e+05	3.3581e+04
2.9960e+07	7.3559e+00	-7.3085e+01	9.9357e+04	3.0215e+04
3.1094e+07	7.5835e+00	-7.3750e+01	9.3181e+04	2.7160e+04
3.2271e+07	7.8213e+00	-7.4398e+01	8.7334e+04	2.4387e+04
3.3493e+07	8.0692e+00	-7.5030e+01	8.1809e+04	2.1874e+04
3.4761e+07	8.3278e+00	-7.5645e+01	7.6592e+04	1.9601e+04
3.6077e+07	8.5964e+00	-7.6245e+01	7.1679e+04	1.7547e+04
3.7443e+07	8.8765e+00	-7.6831e+01	6.7049e+04	1.5688e+04
3.8861e+07	9.1679e+00	-7.7399e+01	6.2692e+04	1.4014e+04
4.0332e+07	9.4713e+00	-7.7952e+01	5.8594e+04	1.2505e+04
4.1859e+07	9.7871e+00	-7.8493e+01	5.4742e+04	1.1144e+04
4.3444e+07	1.0116e+01	-7.9017e+01	5.1124e+04	9.9221e+03
4.5088e+07	1.0458e+01	-7.9527e+01	4.7727e+04	8.8221e+03
4.6795e+07	1.0814e+01	-8.0026e+01	4.4543e+04	7.8335e+03
4.8567e+07	1.1184e+01	-8.0512e+01	4.1560e+04	6.9458e+03
5.0406e+07	1.1568e+01	-8.0989e+01	3.8766e+04	6.1475e+03
5.2314e+07	1.1967e+01	-8.1457e+01	3.6151e+04	5.4304e+03
5.4295e+07	1.2382e+01	-8.1917e+01	3.3704e+04	4.7867e+03
5.6350e+07	1.2813e+01	-8.2372e+01	3.1418e+04	4.2075e+03
5.8484e+07	1.3258e+01	-8.2820e+01	2.9285e+04	3.6890e+03
6.0698e+07	1.3719e+01	-8.3256e+01	2.7293e+04	3.2275e+03
6.2996e+07	1.4198e+01	-8.3684e+01	2.5432e+04	2.8151e+03
6.5381e+07	1.4694e+01	-8.4111e+01	2.3697e+04	2.4444e+03
6.7856e+07	1.5206e+01	-8.4533e+01	2.2079e+04	2.1130e+03
7.0425e+07	1.5735e+01	-8.4952e+01	2.0573e+04	1.8174e+03
7.3092e+07	1.6281e+01	-8.5367e+01	1.9170e+04	1.5535e+03
7.5859e+07	1.6844e+01	-8.5779e+01	1.7863e+04	1.3182e+03
7.8731e+07	1.7423e+01	-8.6189e+01	1.6647e+04	1.1089e+03
8.1712e+07	1.8020e+01	-8.6597e+01	1.5516e+04	9.2263e+02
8.4805e+07	1.8631e+01	-8.7004e+01	1.4465e+04	7.5719e+02
8.8016e+07	1.9254e+01	-8.7407e+01	1.3491e+04	6.1106e+02
9.1348e+07	1.9884e+01	-8.7806e+01	1.2591e+04	4.8239e+02
9.4806e+07	2.0514e+01	-8.8179e+01	1.1762e+04	3.7390e+02
9.8396e+07	2.1143e+01	-8.8494e+01	1.0997e+04	2.8910e+02
1.0212e+08	2.1780e+01	-8.8722e+01	1.0287e+04	2.2947e+02
1.0599e+08	2.2436e+01	-8.8854e+01	9.6226e+03	1.9245e+02
1.1000e+08	2.3124e+01	-8.8903e+01	8.9959e+03	1.7223e+02
