#sample	 RC_RC_1
#d(mm)	 17.0
#D(mm)	 321.0
#freq_start	 40
#freq_stop	 110000000
#sweep	 LOG
#num_points	 400
#bandwidth	 2
#voltage	 0.5
#point_average	 ON
#measurements_per_point	 2 
#notes	 RkOhms_C47nF_R4.7kOhms_C10uF
#time_of_analysis	 33.5469999313
#Freq(Hz)	 Z(ohms)	 Phase(degrees)	 er_Re	 er_Im
4.0000e+01	1.1154e+10	-3.0201e+01	4.2574e-03	7.3146e-03
4.1514e+01	3.1216e+09	-1.0838e+02	2.7650e-02	-9.1889e-03
4.3086e+01	3.7803e+09	-9.6113e+01	2.3051e-02	-2.4687e-03
4.4717e+01	2.6079e+09	-6.8554e+01	3.0137e-02	1.1838e-02
4.6410e+01	3.3636e+09	-9.7639e+01	2.3974e-02	-3.2153e-03
4.8167e+01	3.5413e+09	-9.7679e+01	2.1938e-02	-2.9579e-03
4.9991e+01	4.5599e+09	-7.4091e+01	1.5930e-02	4.5404e-03
5.1884e+01	2.4763e+09	-9.1050e+01	2.9384e-02	-5.3848e-04
5.3848e+01	3.4045e+09	-9.3324e+01	2.0562e-02	-1.1942e-03
5.5887e+01	3.5483e+09	-8.7812e+01	1.9027e-02	7.2686e-04
5.8003e+01	2.6191e+09	-9.4937e+01	2.4763e-02	-2.1390e-03
6.0198e+01	2.1599e+09	-8.4725e+01	2.8917e-02	2.6697e-03
6.2478e+01	2.2889e+09	-1.0299e+02	2.5728e-02	-5.9349e-03
6.4843e+01	2.2865e+09	-7.4734e+01	2.4569e-02	6.7056e-03
6.7298e+01	2.4636e+09	-7.7598e+01	2.2243e-02	4.8912e-03
6.9846e+01	2.5996e+09	-8.7947e+01	2.0782e-02	7.4498e-04
7.2490e+01	2.0970e+09	-9.4435e+01	2.4765e-02	-1.9206e-03
7.5235e+01	2.1836e+09	-8.5210e+01	2.2904e-02	1.9192e-03
7.8083e+01	1.4444e+09	-9.3707e+01	3.3409e-02	-2.1648e-03
8.1039e+01	1.6082e+09	-9.0496e+01	2.8971e-02	-2.5103e-04
8.4107e+01	1.5642e+09	-8.5296e+01	2.8604e-02	2.3537e-03
8.7292e+01	1.5119e+09	-6.5134e+01	2.5958e-02	1.2031e-02
9.0596e+01	1.5394e+09	-8.3913e+01	2.6922e-02	2.8711e-03
9.4026e+01	1.7045e+09	-8.5650e+01	2.3492e-02	1.7870e-03
9.7586e+01	1.7029e+09	-9.0923e+01	2.2719e-02	-3.6588e-04
1.0128e+02	1.7819e+09	-8.3945e+01	2.0805e-02	2.2068e-03
1.0511e+02	1.4541e+09	-8.7572e+01	2.4681e-02	1.0464e-03
1.0910e+02	1.3908e+09	-8.9644e+01	2.4886e-02	1.5480e-04
1.1322e+02	1.6266e+09	-9.5682e+01	2.0402e-02	-2.0298e-03
1.1751e+02	1.7181e+09	-9.3391e+01	1.8669e-02	-1.1063e-03
1.2196e+02	1.2875e+09	-9.3675e+01	2.3996e-02	-1.5414e-03
1.2658e+02	1.2485e+09	-9.7370e+01	2.3695e-02	-3.0650e-03
1.3137e+02	1.2317e+09	-8.9411e+01	2.3335e-02	2.3978e-04
1.3634e+02	1.0935e+09	-9.1029e+01	2.5321e-02	-4.5484e-04
1.4151e+02	1.1142e+09	-9.3017e+01	2.3916e-02	-1.2606e-03
1.4686e+02	1.2196e+09	-9.2435e+01	2.1063e-02	-8.9564e-04
1.5242e+02	9.2637e+08	-9.1160e+01	2.6736e-02	-5.4147e-04
1.5819e+02	1.3827e+09	-8.4515e+01	1.7183e-02	1.6499e-03
1.6418e+02	1.0362e+09	-9.6173e+01	2.2067e-02	-2.3866e-03
1.7040e+02	1.3245e+09	-9.0100e+01	1.6730e-02	-2.9092e-05
1.7685e+02	9.2228e+08	-9.3338e+01	2.3111e-02	-1.3479e-03
1.8355e+02	1.0637e+09	-1.0127e+02	1.8967e-02	-3.7794e-03
1.9049e+02	8.5308e+08	-8.6781e+01	2.3198e-02	1.3049e-03
1.9771e+02	8.1145e+08	-9.0665e+01	2.3534e-02	-2.7303e-04
2.0519e+02	9.2938e+08	-9.3339e+01	1.9766e-02	-1.1533e-03
2.1296e+02	7.0305e+08	-8.7589e+01	2.5197e-02	1.0609e-03
2.2102e+02	7.5709e+08	-9.3102e+01	2.2532e-02	-1.2212e-03
2.2939e+02	6.9260e+08	-9.4944e+01	2.3678e-02	-2.0484e-03
2.3808e+02	6.6427e+08	-9.0001e+01	2.3876e-02	-2.1937e-07
2.4709e+02	6.4391e+08	-8.7073e+01	2.3701e-02	1.2120e-03
2.5645e+02	5.9556e+08	-8.9800e+01	2.4723e-02	8.6127e-05
2.6615e+02	5.9685e+08	-8.5829e+01	2.3707e-02	1.7289e-03
2.7623e+02	5.7262e+08	-9.0432e+01	2.3871e-02	-1.8017e-04
2.8669e+02	5.1495e+08	-9.5568e+01	2.5456e-02	-2.4815e-03
2.9754e+02	5.3818e+08	-8.8414e+01	2.3571e-02	6.5261e-04
3.0881e+02	5.3231e+08	-9.0943e+01	2.2967e-02	-3.7803e-04
3.2050e+02	5.0720e+08	-1.0106e+02	2.2797e-02	-4.4550e-03
3.3263e+02	4.8051e+08	-9.1990e+01	2.3610e-02	-8.2053e-04
3.4523e+02	4.5933e+08	-1.0269e+02	2.3230e-02	-5.2324e-03
3.5830e+02	4.4198e+08	-9.8375e+01	2.3590e-02	-3.4728e-03
3.7186e+02	4.3858e+08	-9.7024e+01	2.2979e-02	-2.8311e-03
3.8594e+02	3.7693e+08	-9.3353e+01	2.5911e-02	-1.5182e-03
4.0055e+02	3.7589e+08	-8.9851e+01	2.5079e-02	6.5112e-05
4.1572e+02	3.8646e+08	-9.2830e+01	2.3474e-02	-1.1604e-03
4.3145e+02	3.7393e+08	-9.0382e+01	2.3404e-02	-1.5612e-04
4.4779e+02	3.7083e+08	-8.9314e+01	2.2737e-02	2.7218e-04
4.6474e+02	3.3764e+08	-9.0358e+01	2.4063e-02	-1.5044e-04
4.8234e+02	3.2524e+08	-8.9409e+01	2.4068e-02	2.4847e-04
5.0060e+02	3.1640e+08	-8.6579e+01	2.3797e-02	1.4224e-03
5.1955e+02	2.8986e+08	-8.8939e+01	2.5069e-02	4.6431e-04
5.3922e+02	2.8894e+08	-8.9844e+01	2.4235e-02	6.6129e-05
5.5964e+02	2.8841e+08	-8.9582e+01	2.3394e-02	1.7078e-04
5.8082e+02	2.6324e+08	-9.1934e+01	2.4682e-02	-8.3327e-04
6.0281e+02	2.5600e+08	-8.9230e+01	2.4466e-02	3.2890e-04
6.2564e+02	2.5508e+08	-9.5049e+01	2.3569e-02	-2.0821e-03
6.4932e+02	2.5082e+08	-9.7241e+01	2.3000e-02	-2.9221e-03
6.7391e+02	2.2972e+08	-9.8868e+01	2.4099e-02	-3.7598e-03
6.9942e+02	2.2568e+08	-9.1943e+01	2.3907e-02	-8.1123e-04
7.2590e+02	2.1995e+08	-9.3860e+01	2.3596e-02	-1.5919e-03
7.5338e+02	2.0089e+08	-9.3873e+01	2.4891e-02	-1.6853e-03
7.8191e+02	1.9261e+08	-9.0249e+01	2.5072e-02	-1.0905e-04
8.1151e+02	1.8744e+08	-9.1854e+01	2.4810e-02	-8.0320e-04
8.4223e+02	1.8713e+08	-8.8720e+01	2.3952e-02	5.3504e-04
8.7412e+02	1.8075e+08	-8.9481e+01	2.3898e-02	2.1630e-04
9.0721e+02	1.7977e+08	-9.2482e+01	2.3130e-02	-1.0027e-03
9.4156e+02	1.6418e+08	-9.1601e+01	2.4417e-02	-6.8243e-04
9.7721e+02	1.5339e+08	-8.9390e+01	2.5189e-02	2.6811e-04
1.0142e+03	1.5241e+08	-8.9525e+01	2.4427e-02	2.0254e-04
1.0526e+03	1.4809e+08	-9.2251e+01	2.4204e-02	-9.5151e-04
1.0925e+03	1.4503e+08	-9.0300e+01	2.3832e-02	-1.2461e-04
1.1338e+03	1.3763e+08	-9.1774e+01	2.4186e-02	-7.4901e-04
1.1767e+03	1.3173e+08	-9.1119e+01	2.4354e-02	-4.7557e-04
1.2213e+03	1.2549e+08	-9.1632e+01	2.4628e-02	-7.0160e-04
1.2675e+03	1.2509e+08	-8.8865e+01	2.3810e-02	4.7159e-04
1.3155e+03	1.1821e+08	-9.0246e+01	2.4281e-02	-1.0406e-04
1.3653e+03	1.1465e+08	-8.8861e+01	2.4118e-02	4.7949e-04
1.4170e+03	1.0939e+08	-8.8014e+01	2.4346e-02	8.4430e-04
1.4707e+03	1.1063e+08	-9.0914e+01	2.3205e-02	-3.7000e-04
1.5263e+03	9.9729e+07	-8.9852e+01	2.4805e-02	6.4112e-05
1.5841e+03	9.7746e+07	-8.9173e+01	2.4383e-02	3.5180e-04
1.6441e+03	9.9849e+07	-8.9663e+01	2.3001e-02	1.3543e-04
1.7063e+03	9.3902e+07	-8.9266e+01	2.3564e-02	3.0190e-04
1.7709e+03	9.0267e+07	-8.9111e+01	2.3617e-02	3.6633e-04
1.8380e+03	8.6636e+07	-9.2512e+01	2.3690e-02	-1.0393e-03
1.9076e+03	8.1179e+07	-9.0212e+01	2.4383e-02	-9.0032e-05
1.9798e+03	7.8997e+07	-8.9263e+01	2.4141e-02	3.1035e-04
2.0548e+03	7.6605e+07	-8.9979e+01	2.3988e-02	9.0014e-06
2.1325e+03	7.4560e+07	-8.9991e+01	2.3747e-02	3.9242e-06
2.2133e+03	6.9035e+07	-9.0157e+01	2.4712e-02	-6.7642e-05
2.2971e+03	6.7956e+07	-9.1905e+01	2.4176e-02	-8.0423e-04
2.3840e+03	6.4907e+07	-8.9772e+01	2.4401e-02	9.6948e-05
2.4743e+03	6.4481e+07	-8.8345e+01	2.3657e-02	6.8351e-04
2.5680e+03	6.0020e+07	-8.9663e+01	2.4498e-02	1.4430e-04
2.6652e+03	6.0172e+07	-9.0032e+01	2.3545e-02	-1.3205e-05
2.7661e+03	5.7402e+07	-9.0493e+01	2.3780e-02	-2.0454e-04
2.8708e+03	5.5102e+07	-9.0077e+01	2.3869e-02	-3.2153e-05
2.9795e+03	5.2915e+07	-8.9649e+01	2.3949e-02	1.4677e-04
3.0923e+03	5.0106e+07	-9.0341e+01	2.4369e-02	-1.4512e-04
3.2094e+03	4.9133e+07	-8.8819e+01	2.3940e-02	4.9336e-04
3.3309e+03	4.7274e+07	-8.9754e+01	2.3979e-02	1.0307e-04
3.4570e+03	4.5558e+07	-8.9985e+01	2.3975e-02	6.3657e-06
3.5879e+03	4.3906e+07	-8.8950e+01	2.3965e-02	4.3941e-04
3.7237e+03	4.2559e+07	-9.0296e+01	2.3826e-02	-1.2327e-04
3.8647e+03	4.0277e+07	-8.9728e+01	2.4257e-02	1.1516e-04
4.0110e+03	3.8949e+07	-8.9455e+01	2.4169e-02	2.2980e-04
4.1629e+03	3.8266e+07	-9.0102e+01	2.3703e-02	-4.2079e-05
4.3205e+03	3.6771e+07	-8.9855e+01	2.3767e-02	5.9961e-05
4.4841e+03	3.5029e+07	-9.0013e+01	2.4039e-02	-5.4674e-06
4.6538e+03	3.4145e+07	-8.9730e+01	2.3762e-02	1.1180e-04
4.8300e+03	3.3139e+07	-8.9954e+01	2.3590e-02	1.8973e-05
5.0129e+03	3.1268e+07	-8.9679e+01	2.4089e-02	1.3501e-04
5.2027e+03	2.9854e+07	-8.9719e+01	2.4310e-02	1.1912e-04
5.3996e+03	2.9320e+07	-9.0114e+01	2.3850e-02	-4.7549e-05
5.6041e+03	2.8383e+07	-8.9477e+01	2.3738e-02	2.1670e-04
5.8162e+03	2.6955e+07	-8.9911e+01	2.4085e-02	3.7398e-05
6.0365e+03	2.6159e+07	-9.0411e+01	2.3912e-02	-1.7166e-04
6.2650e+03	2.5446e+07	-8.9850e+01	2.3685e-02	6.2018e-05
6.5022e+03	2.4165e+07	-8.9949e+01	2.4031e-02	2.1376e-05
6.7484e+03	2.3652e+07	-8.9560e+01	2.3656e-02	1.8149e-04
7.0038e+03	2.2608e+07	-9.0252e+01	2.3847e-02	-1.0491e-04
7.2690e+03	2.1610e+07	-8.9744e+01	2.4038e-02	1.0727e-04
7.5442e+03	2.0859e+07	-9.0106e+01	2.3995e-02	-4.4582e-05
7.8298e+03	2.0232e+07	-8.9535e+01	2.3835e-02	1.9337e-04
8.1263e+03	1.9392e+07	-8.9858e+01	2.3961e-02	5.9224e-05
8.4339e+03	1.8934e+07	-9.0194e+01	2.3645e-02	-8.0019e-05
8.7532e+03	1.8072e+07	-8.9588e+01	2.3869e-02	1.7178e-04
9.0846e+03	1.7364e+07	-8.9676e+01	2.3936e-02	1.3553e-04
9.4286e+03	1.6683e+07	-8.9956e+01	2.4005e-02	1.8341e-05
9.7855e+03	1.6054e+07	-8.9653e+01	2.4036e-02	1.4565e-04
1.0156e+04	1.5532e+07	-8.9664e+01	2.3937e-02	1.4032e-04
1.0541e+04	1.4969e+07	-8.9785e+01	2.3931e-02	8.9746e-05
1.0940e+04	1.4437e+07	-8.9810e+01	2.3908e-02	7.9258e-05
1.1354e+04	1.3897e+07	-8.9698e+01	2.3931e-02	1.2634e-04
1.1784e+04	1.3376e+07	-8.9750e+01	2.3956e-02	1.0454e-04
1.2230e+04	1.2902e+07	-8.9942e+01	2.3930e-02	2.4427e-05
1.2693e+04	1.2453e+07	-8.9859e+01	2.3888e-02	5.8661e-05
1.3173e+04	1.1967e+07	-8.9944e+01	2.3951e-02	2.3451e-05
1.3672e+04	1.1561e+07	-8.9868e+01	2.3890e-02	5.4934e-05
1.4190e+04	1.1074e+07	-8.9850e+01	2.4029e-02	6.2816e-05
1.4727e+04	1.0759e+07	-8.9842e+01	2.3831e-02	6.5625e-05
1.5284e+04	1.0349e+07	-8.9864e+01	2.3871e-02	5.6532e-05
1.5863e+04	9.9707e+06	-8.9866e+01	2.3873e-02	5.6012e-05
1.6464e+04	9.5888e+06	-8.9822e+01	2.3918e-02	7.4374e-05
1.7087e+04	9.2572e+06	-8.9884e+01	2.3871e-02	4.8207e-05
1.7734e+04	8.9206e+06	-8.9940e+01	2.3868e-02	2.5083e-05
1.8405e+04	8.6060e+06	-8.9986e+01	2.3838e-02	5.7010e-06
1.9102e+04	8.2791e+06	-8.9924e+01	2.3876e-02	3.1710e-05
1.9825e+04	7.9728e+06	-8.9857e+01	2.3889e-02	5.9653e-05
2.0576e+04	7.6718e+06	-8.9805e+01	2.3920e-02	8.1286e-05
2.1355e+04	7.4145e+06	-8.9873e+01	2.3847e-02	5.2986e-05
2.2163e+04	7.1364e+06	-8.9885e+01	2.3873e-02	4.7982e-05
2.3002e+04	6.8798e+06	-8.9893e+01	2.3860e-02	4.4639e-05
2.3873e+04	6.6194e+06	-8.9865e+01	2.3894e-02	5.6233e-05
2.4777e+04	6.3871e+06	-8.9885e+01	2.3860e-02	4.7705e-05
2.5715e+04	6.1508e+06	-8.9902e+01	2.3873e-02	4.0753e-05
2.6689e+04	5.9163e+06	-8.9946e+01	2.3913e-02	2.2353e-05
2.7699e+04	5.7085e+06	-8.9918e+01	2.3880e-02	3.3976e-05
2.8748e+04	5.5089e+06	-8.9830e+01	2.3842e-02	7.0579e-05
2.9836e+04	5.2727e+06	-8.9956e+01	2.4002e-02	1.8265e-05
3.0966e+04	5.1098e+06	-8.9848e+01	2.3864e-02	6.3298e-05
3.2138e+04	4.9161e+06	-8.9422e+01	2.3898e-02	2.4122e-04
3.3355e+04	4.7546e+06	-8.9917e+01	2.3809e-02	3.4297e-05
3.4618e+04	4.5792e+06	-8.9932e+01	2.3819e-02	2.8412e-05
3.5928e+04	4.4075e+06	-8.9868e+01	2.3845e-02	5.4844e-05
3.7289e+04	4.2438e+06	-8.9858e+01	2.3861e-02	5.9165e-05
3.8700e+04	4.0871e+06	-8.9844e+01	2.3872e-02	6.4897e-05
4.0166e+04	3.9370e+06	-8.9887e+01	2.3878e-02	4.7223e-05
4.1686e+04	3.7935e+06	-8.9872e+01	2.3877e-02	5.3173e-05
4.3264e+04	3.6597e+06	-8.9910e+01	2.3848e-02	3.7624e-05
4.4902e+04	3.5260e+06	-8.9944e+01	2.3849e-02	2.3144e-05
4.6602e+04	3.3978e+06	-8.9911e+01	2.3846e-02	3.7100e-05
4.8367e+04	3.2772e+06	-8.9878e+01	2.3822e-02	5.0775e-05
5.0198e+04	3.1564e+06	-8.9844e+01	2.3831e-02	6.4998e-05
5.2098e+04	3.0372e+06	-8.9934e+01	2.3863e-02	2.7292e-05
5.4071e+04	2.9309e+06	-8.9896e+01	2.3826e-02	4.3196e-05
5.6118e+04	2.8233e+06	-8.9882e+01	2.3832e-02	4.9048e-05
5.8243e+04	2.7176e+06	-8.9877e+01	2.3856e-02	5.1197e-05
6.0448e+04	2.6221e+06	-8.9817e+01	2.3822e-02	7.6173e-05
6.2736e+04	2.5219e+06	-8.9864e+01	2.3866e-02	5.6707e-05
6.5111e+04	2.4314e+06	-8.9877e+01	2.3851e-02	5.1320e-05
6.7576e+04	2.3448e+06	-8.9879e+01	2.3830e-02	5.0179e-05
7.0135e+04	2.2599e+06	-8.9867e+01	2.3823e-02	5.5210e-05
7.2790e+04	2.1771e+06	-8.9884e+01	2.3827e-02	4.8105e-05
7.5546e+04	2.0974e+06	-8.9909e+01	2.3830e-02	3.8005e-05
7.8406e+04	2.0220e+06	-8.9900e+01	2.3817e-02	4.1461e-05
8.1375e+04	1.9477e+06	-8.9867e+01	2.3824e-02	5.5491e-05
8.4455e+04	1.8774e+06	-8.9823e+01	2.3814e-02	7.3425e-05
8.7653e+04	1.8077e+06	-8.9877e+01	2.3830e-02	5.1040e-05
9.0971e+04	1.7439e+06	-8.9888e+01	2.3801e-02	4.6499e-05
9.4416e+04	1.6790e+06	-8.9895e+01	2.3818e-02	4.3743e-05
9.7990e+04	1.6204e+06	-9.0021e+01	2.3780e-02	-8.8283e-06
1.0170e+05	1.5594e+06	-8.9866e+01	2.3810e-02	5.5644e-05
1.0555e+05	1.5044e+06	-8.9712e+01	2.3779e-02	1.1952e-04
1.0955e+05	1.4485e+06	-8.9801e+01	2.3796e-02	8.2820e-05
1.1369e+05	1.3919e+06	-9.0070e+01	2.3859e-02	-2.9270e-05
1.1800e+05	1.3419e+06	-8.9858e+01	2.3846e-02	5.9186e-05
1.2247e+05	1.2979e+06	-8.9858e+01	2.3756e-02	5.9040e-05
1.2710e+05	1.2492e+06	-8.9967e+01	2.3781e-02	1.3705e-05
1.3191e+05	1.2022e+06	-8.9834e+01	2.3809e-02	6.8961e-05
1.3691e+05	1.1575e+06	-8.9800e+01	2.3828e-02	8.3214e-05
1.4209e+05	1.1161e+06	-8.9886e+01	2.3810e-02	4.7181e-05
1.4747e+05	1.0751e+06	-8.9826e+01	2.3815e-02	7.2213e-05
1.5305e+05	1.0361e+06	-8.9907e+01	2.3810e-02	3.8705e-05
1.5885e+05	9.9656e+05	-8.9800e+01	2.3852e-02	8.3338e-05
1.6486e+05	9.5995e+05	-8.9882e+01	2.3859e-02	4.9227e-05
1.7110e+05	9.2596e+05	-8.9964e+01	2.3832e-02	1.4896e-05
1.7758e+05	8.9302e+05	-8.9853e+01	2.3810e-02	6.1063e-05
1.8431e+05	8.5906e+05	-8.9878e+01	2.3848e-02	5.0720e-05
1.9128e+05	8.2850e+05	-8.9959e+01	2.3826e-02	1.7094e-05
1.9853e+05	7.9947e+05	-8.9817e+01	2.3790e-02	7.5779e-05
2.0604e+05	7.7024e+05	-8.9886e+01	2.3792e-02	4.7509e-05
2.1384e+05	7.4331e+05	-8.9817e+01	2.3755e-02	7.5903e-05
2.2194e+05	7.1560e+05	-8.9886e+01	2.3775e-02	4.7313e-05
2.3034e+05	6.8777e+05	-8.9925e+01	2.3834e-02	3.1296e-05
2.3906e+05	6.6359e+05	-8.9824e+01	2.3802e-02	7.3254e-05
2.4811e+05	6.4026e+05	-8.9818e+01	2.3769e-02	7.5527e-05
2.5751e+05	6.1605e+05	-8.9830e+01	2.3802e-02	7.0809e-05
2.6726e+05	5.9352e+05	-8.9889e+01	2.3804e-02	4.6135e-05
2.7737e+05	5.7214e+05	-8.9967e+01	2.3793e-02	1.3563e-05
2.8788e+05	5.5132e+05	-8.9918e+01	2.3791e-02	3.3989e-05
2.9877e+05	5.3063e+05	-9.0083e+01	2.3817e-02	-3.4553e-05
3.1009e+05	5.1123e+05	-8.9956e+01	2.3819e-02	1.8497e-05
3.2183e+05	4.9228e+05	-8.9894e+01	2.3834e-02	4.4034e-05
3.3401e+05	4.7551e+05	-8.9918e+01	2.3774e-02	3.3857e-05
3.4666e+05	4.5789e+05	-8.9811e+01	2.3788e-02	7.8286e-05
3.5978e+05	4.4199e+05	-8.9863e+01	2.3745e-02	5.6603e-05
3.7340e+05	4.2484e+05	-8.9819e+01	2.3802e-02	7.5157e-05
3.8754e+05	4.0967e+05	-8.9922e+01	2.3783e-02	3.2407e-05
4.0221e+05	3.9518e+05	-8.9921e+01	2.3756e-02	3.2937e-05
4.1744e+05	3.8053e+05	-8.9972e+01	2.3770e-02	1.1689e-05
4.3324e+05	3.6686e+05	-8.9895e+01	2.3757e-02	4.3504e-05
4.4964e+05	3.5311e+05	-8.9877e+01	2.3782e-02	5.1121e-05
4.6667e+05	3.4041e+05	-8.9942e+01	2.3769e-02	2.3861e-05
4.8433e+05	3.2811e+05	-8.9869e+01	2.3760e-02	5.4181e-05
5.0267e+05	3.1609e+05	-8.9869e+01	2.3764e-02	5.4484e-05
5.2170e+05	3.0449e+05	-8.9975e+01	2.3770e-02	1.0543e-05
5.4145e+05	2.9384e+05	-8.9822e+01	2.3733e-02	7.3719e-05
5.6195e+05	2.8250e+05	-8.9918e+01	2.3785e-02	3.3920e-05
5.8323e+05	2.7272e+05	-8.9777e+01	2.3739e-02	9.2453e-05
6.0531e+05	2.6281e+05	-8.9875e+01	2.3736e-02	5.1960e-05
6.2823e+05	2.5293e+05	-8.9907e+01	2.3763e-02	3.8474e-05
6.5201e+05	2.4392e+05	-8.9892e+01	2.3742e-02	4.4921e-05
6.7670e+05	2.3513e+05	-8.9920e+01	2.3731e-02	3.3218e-05
7.0232e+05	2.2640e+05	-8.9835e+01	2.3747e-02	6.8237e-05
7.2891e+05	2.1790e+05	-8.9896e+01	2.3773e-02	4.2953e-05
7.5650e+05	2.0999e+05	-8.9857e+01	2.3769e-02	5.9161e-05
7.8514e+05	2.0247e+05	-8.9862e+01	2.3753e-02	5.7336e-05
8.1487e+05	1.9502e+05	-8.9880e+01	2.3760e-02	4.9565e-05
8.4572e+05	1.8806e+05	-8.9869e+01	2.3741e-02	5.4252e-05
8.7774e+05	1.8122e+05	-8.9893e+01	2.3738e-02	4.4301e-05
9.1097e+05	1.7456e+05	-8.9918e+01	2.3744e-02	3.4074e-05
9.4546e+05	1.6828e+05	-8.9923e+01	2.3733e-02	3.1906e-05
9.8125e+05	1.6213e+05	-8.9874e+01	2.3734e-02	5.1998e-05
1.0184e+06	1.5623e+05	-8.9873e+01	2.3732e-02	5.2526e-05
1.0570e+06	1.5048e+05	-8.9876e+01	2.3741e-02	5.1484e-05
1.0970e+06	1.4509e+05	-8.9912e+01	2.3725e-02	3.6440e-05
1.1385e+06	1.3973e+05	-8.9910e+01	2.3736e-02	3.7090e-05
1.1816e+06	1.3451e+05	-8.9937e+01	2.3757e-02	2.6108e-05
1.2263e+06	1.2968e+05	-8.9922e+01	2.3742e-02	3.2294e-05
1.2728e+06	1.2493e+05	-8.9945e+01	2.3747e-02	2.2682e-05
1.3210e+06	1.2044e+05	-8.9851e+01	2.3733e-02	6.1562e-05
1.3710e+06	1.1589e+05	-8.9854e+01	2.3766e-02	6.0442e-05
1.4229e+06	1.1170e+05	-8.9926e+01	2.3758e-02	3.0797e-05
1.4767e+06	1.0767e+05	-8.9866e+01	2.3747e-02	5.5669e-05
1.5327e+06	1.0376e+05	-8.9890e+01	2.3743e-02	4.5750e-05
1.5907e+06	9.9950e+04	-8.9893e+01	2.3749e-02	4.4179e-05
1.6509e+06	9.6358e+04	-8.9846e+01	2.3736e-02	6.3672e-05
1.7134e+06	9.2867e+04	-8.9857e+01	2.3730e-02	5.9070e-05
1.7783e+06	8.9518e+04	-8.9850e+01	2.3720e-02	6.2023e-05
1.8456e+06	8.6190e+04	-8.9902e+01	2.3737e-02	4.0553e-05
1.9155e+06	8.3036e+04	-8.9901e+01	2.3740e-02	4.1016e-05
1.9880e+06	8.0061e+04	-8.9885e+01	2.3724e-02	4.7707e-05
2.0633e+06	7.7114e+04	-8.9921e+01	2.3732e-02	3.2830e-05
2.1414e+06	7.4301e+04	-8.9878e+01	2.3732e-02	5.0672e-05
2.2224e+06	7.1626e+04	-8.9941e+01	2.3720e-02	2.4617e-05
2.3066e+06	6.9022e+04	-8.9858e+01	2.3717e-02	5.8953e-05
2.3939e+06	6.6507e+04	-8.9890e+01	2.3716e-02	4.5453e-05
2.4845e+06	6.4074e+04	-8.9904e+01	2.3719e-02	3.9716e-05
2.5786e+06	6.1685e+04	-8.9835e+01	2.3738e-02	6.8381e-05
2.6762e+06	5.9475e+04	-8.9884e+01	2.3723e-02	4.8053e-05
2.7776e+06	5.7305e+04	-8.9923e+01	2.3723e-02	3.1939e-05
2.8827e+06	5.5224e+04	-8.9878e+01	2.3719e-02	5.0641e-05
2.9919e+06	5.3218e+04	-8.9877e+01	2.3715e-02	5.1040e-05
3.1051e+06	5.1296e+04	-8.9928e+01	2.3706e-02	2.9786e-05
3.2227e+06	4.9424e+04	-8.9876e+01	2.3706e-02	5.1499e-05
3.3447e+06	4.7622e+04	-8.9905e+01	2.3706e-02	3.9414e-05
3.4713e+06	4.5869e+04	-8.9908e+01	2.3714e-02	3.8146e-05
3.6028e+06	4.4212e+04	-8.9877e+01	2.3705e-02	5.0969e-05
3.7392e+06	4.2602e+04	-8.9888e+01	2.3704e-02	4.6168e-05
3.8807e+06	4.1056e+04	-8.9913e+01	2.3699e-02	3.6089e-05
4.0276e+06	3.9550e+04	-8.9897e+01	2.3704e-02	4.2678e-05
4.1801e+06	3.8117e+04	-8.9912e+01	2.3698e-02	3.6400e-05
4.3384e+06	3.6716e+04	-8.9907e+01	2.3705e-02	3.8446e-05
4.5026e+06	3.5380e+04	-8.9917e+01	2.3703e-02	3.4314e-05
4.6731e+06	3.4093e+04	-8.9903e+01	2.3700e-02	4.0271e-05
4.8500e+06	3.2864e+04	-8.9918e+01	2.3690e-02	3.4075e-05
5.0336e+06	3.1651e+04	-8.9902e+01	2.3700e-02	4.0695e-05
5.2242e+06	3.0503e+04	-8.9913e+01	2.3695e-02	3.5821e-05
5.4220e+06	2.9394e+04	-8.9914e+01	2.3692e-02	3.5750e-05
5.6273e+06	2.8318e+04	-8.9896e+01	2.3695e-02	4.3074e-05
5.8403e+06	2.7297e+04	-8.9903e+01	2.3685e-02	4.0215e-05
6.0614e+06	2.6295e+04	-8.9909e+01	2.3690e-02	3.7609e-05
6.2909e+06	2.5341e+04	-8.9923e+01	2.3686e-02	3.1716e-05
6.5291e+06	2.4415e+04	-8.9915e+01	2.3687e-02	3.5204e-05
6.7763e+06	2.3537e+04	-8.9912e+01	2.3675e-02	3.6471e-05
7.0328e+06	2.2672e+04	-8.9911e+01	2.3681e-02	3.6654e-05
7.2991e+06	2.1847e+04	-8.9907e+01	2.3679e-02	3.8609e-05
7.5754e+06	2.1057e+04	-8.9924e+01	2.3671e-02	3.1532e-05
7.8622e+06	2.0286e+04	-8.9921e+01	2.3674e-02	3.2495e-05
8.1599e+06	1.9547e+04	-8.9930e+01	2.3673e-02	2.8957e-05
8.4688e+06	1.8835e+04	-8.9934e+01	2.3671e-02	2.7287e-05
8.7895e+06	1.8155e+04	-8.9925e+01	2.3663e-02	3.0942e-05
9.1222e+06	1.7490e+04	-8.9924e+01	2.3666e-02	3.1293e-05
9.4676e+06	1.6857e+04	-8.9933e+01	2.3659e-02	2.7538e-05
9.8260e+06	1.6245e+04	-8.9927e+01	2.3656e-02	3.0107e-05
1.0198e+07	1.5652e+04	-8.9931e+01	2.3656e-02	2.8560e-05
1.0584e+07	1.5085e+04	-8.9924e+01	2.3650e-02	3.1303e-05
1.0985e+07	1.4536e+04	-8.9935e+01	2.3647e-02	2.6947e-05
1.1401e+07	1.4004e+04	-8.9938e+01	2.3650e-02	2.5587e-05
1.1832e+07	1.3496e+04	-8.9945e+01	2.3645e-02	2.2512e-05
1.2280e+07	1.3006e+04	-8.9939e+01	2.3641e-02	2.5051e-05
1.2745e+07	1.2535e+04	-8.9938e+01	2.3634e-02	2.5532e-05
1.3228e+07	1.2081e+04	-8.9947e+01	2.3629e-02	2.1937e-05
1.3729e+07	1.1642e+04	-8.9951e+01	2.3624e-02	2.0410e-05
1.4248e+07	1.1220e+04	-8.9946e+01	2.3618e-02	2.2461e-05
1.4788e+07	1.0814e+04	-8.9938e+01	2.3613e-02	2.5588e-05
1.5348e+07	1.0406e+04	-9.0023e+01	2.3643e-02	-9.3756e-06
1.5929e+07	1.0029e+04	-9.0020e+01	2.3636e-02	-8.2398e-06
1.6532e+07	9.6640e+03	-9.0013e+01	2.3634e-02	-5.3501e-06
1.7158e+07	9.3124e+03	-9.0027e+01	2.3632e-02	-1.1190e-05
1.7807e+07	8.9733e+03	-9.0038e+01	2.3630e-02	-1.5720e-05
1.8481e+07	8.6488e+03	-9.0044e+01	2.3623e-02	-1.8033e-05
1.9181e+07	8.3347e+03	-9.0045e+01	2.3619e-02	-1.8597e-05
1.9907e+07	8.0315e+03	-9.0064e+01	2.3616e-02	-2.6400e-05
2.0661e+07	7.7389e+03	-9.0078e+01	2.3615e-02	-3.2131e-05
2.1443e+07	7.4562e+03	-9.0133e+01	2.3616e-02	-5.4837e-05
2.2255e+07	7.1824e+03	-9.0107e+01	2.3622e-02	-4.3923e-05
2.3098e+07	6.9250e+03	-9.0154e+01	2.3606e-02	-6.3648e-05
2.3972e+07	6.6694e+03	-9.0168e+01	2.3617e-02	-6.9333e-05
2.4880e+07	6.4317e+03	-9.0134e+01	2.3596e-02	-5.5272e-05
2.5822e+07	6.1954e+03	-9.0172e+01	2.3603e-02	-7.1002e-05
2.6799e+07	5.9740e+03	-9.0206e+01	2.3585e-02	-8.4627e-05
2.7814e+07	5.7555e+03	-9.0189e+01	2.3587e-02	-7.7921e-05
2.8867e+07	5.5466e+03	-9.0243e+01	2.3582e-02	-9.9827e-05
2.9960e+07	5.3493e+03	-9.0228e+01	2.3560e-02	-9.3664e-05
3.1094e+07	5.1551e+03	-9.0250e+01	2.3556e-02	-1.0278e-04
3.2271e+07	4.9672e+03	-9.0252e+01	2.3555e-02	-1.0343e-04
3.3493e+07	4.7873e+03	-9.0290e+01	2.3549e-02	-1.1930e-04
3.4761e+07	4.6154e+03	-9.0319e+01	2.3535e-02	-1.3120e-04
3.6077e+07	4.4471e+03	-9.0314e+01	2.3535e-02	-1.2917e-04
3.7443e+07	4.2862e+03	-9.0356e+01	2.3527e-02	-1.4599e-04
3.8861e+07	4.1298e+03	-9.0356e+01	2.3527e-02	-1.4603e-04
4.0332e+07	3.9790e+03	-9.0394e+01	2.3528e-02	-1.6182e-04
4.1859e+07	3.8360e+03	-9.0418e+01	2.3515e-02	-1.7139e-04
4.3444e+07	3.6986e+03	-9.0450e+01	2.3498e-02	-1.8472e-04
4.5088e+07	3.5641e+03	-9.0495e+01	2.3496e-02	-2.0281e-04
4.6795e+07	3.4350e+03	-9.0525e+01	2.3490e-02	-2.1514e-04
4.8567e+07	3.3119e+03	-9.0558e+01	2.3474e-02	-2.2877e-04
5.0406e+07	3.1911e+03	-9.0558e+01	2.3473e-02	-2.2865e-04
5.2314e+07	3.0765e+03	-9.0618e+01	2.3459e-02	-2.5290e-04
5.4295e+07	2.9659e+03	-9.0665e+01	2.3446e-02	-2.7214e-04
5.6350e+07	2.8593e+03	-9.0700e+01	2.3433e-02	-2.8618e-04
5.8484e+07	2.7553e+03	-9.0731e+01	2.3430e-02	-2.9875e-04
6.0698e+07	2.6563e+03	-9.0766e+01	2.3417e-02	-3.1301e-04
6.2996e+07	2.5598e+03	-9.0808e+01	2.3413e-02	-3.3019e-04
6.5381e+07	2.4675e+03	-9.0857e+01	2.3402e-02	-3.5019e-04
6.7856e+07	2.3778e+03	-9.0915e+01	2.3399e-02	-3.7371e-04
7.0425e+07	2.2921e+03	-9.0947e+01	2.3388e-02	-3.8667e-04
7.3092e+07	2.2089e+03	-9.0979e+01	2.3384e-02	-3.9967e-04
7.5859e+07	2.1295e+03	-9.1034e+01	2.3371e-02	-4.2189e-04
7.8731e+07	2.0527e+03	-9.1077e+01	2.3360e-02	-4.3908e-04
8.1712e+07	1.9782e+03	-9.1117e+01	2.3356e-02	-4.5538e-04
8.4805e+07	1.9071e+03	-9.1154e+01	2.3343e-02	-4.7001e-04
8.8016e+07	1.8381e+03	-9.1188e+01	2.3335e-02	-4.8385e-04
9.1348e+07	1.7720e+03	-9.1219e+01	2.3322e-02	-4.9642e-04
9.4806e+07	1.7085e+03	-9.1231e+01	2.3306e-02	-5.0070e-04
9.8396e+07	1.6473e+03	-9.1259e+01	2.3289e-02	-5.1190e-04
1.0212e+08	1.5883e+03	-9.1275e+01	2.3274e-02	-5.1787e-04
1.0599e+08	1.5318e+03	-9.1279e+01	2.3252e-02	-5.1930e-04
1.1000e+08	1.4775e+03	-9.1275e+01	2.3227e-02	-5.1679e-04
