#sample	 RCRC_1
#d(mm)	 1.978
#D(mm)	 6.506
#freq_start	 40
#freq_stop	 110000000
#sweep	 LOG
#num_points	 400
#bandwidth	 3
#voltage	 0.5
#point_average	 ON
#measurements_per_point	 32 
#notes	 R4.7kOhms_C47nF_R4.7kOhms_C1pF
#time_of_analysis	 482.128999949
#Freq(Hz)	 Z(ohms)	 Phase(degrees)	 er_Re	 er_Im
4.0000e+01	9.2201e+03	-1.6975e+00	8.5904e+04	2.8986e+06
4.1514e+01	9.2200e+03	-1.7548e+00	8.5562e+04	2.7929e+06
4.3086e+01	9.2188e+03	-1.8237e+00	8.5690e+04	2.6912e+06
4.4717e+01	9.2175e+03	-1.8928e+00	8.5705e+04	2.5933e+06
4.6410e+01	9.2159e+03	-1.9600e+00	8.5522e+04	2.4991e+06
4.8167e+01	9.2145e+03	-2.0320e+00	8.5443e+04	2.4082e+06
4.9991e+01	9.2130e+03	-2.1107e+00	8.5526e+04	2.3206e+06
5.1884e+01	9.2116e+03	-2.1919e+00	8.5585e+04	2.2361e+06
5.3848e+01	9.2102e+03	-2.2713e+00	8.5462e+04	2.1548e+06
5.5887e+01	9.2088e+03	-2.3562e+00	8.5434e+04	2.0763e+06
5.8003e+01	9.2069e+03	-2.4460e+00	8.5471e+04	2.0009e+06
6.0198e+01	9.2045e+03	-2.5421e+00	8.5608e+04	1.9283e+06
6.2478e+01	9.2023e+03	-2.6370e+00	8.5583e+04	1.8582e+06
6.4843e+01	9.1999e+03	-2.7351e+00	8.5552e+04	1.7908e+06
6.7298e+01	9.1975e+03	-2.8339e+00	8.5426e+04	1.7257e+06
6.9846e+01	9.1951e+03	-2.9373e+00	8.5333e+04	1.6631e+06
7.2490e+01	9.1926e+03	-3.0441e+00	8.5231e+04	1.6027e+06
7.5235e+01	9.1896e+03	-3.1570e+00	8.5192e+04	1.5446e+06
7.8083e+01	9.1866e+03	-3.2778e+00	8.5249e+04	1.4885e+06
8.1039e+01	9.1830e+03	-3.4016e+00	8.5272e+04	1.4346e+06
8.4107e+01	9.1792e+03	-3.5281e+00	8.5248e+04	1.3827e+06
8.7292e+01	9.1750e+03	-3.6554e+00	8.5136e+04	1.3326e+06
9.0596e+01	9.1707e+03	-3.7862e+00	8.5003e+04	1.2845e+06
9.4026e+01	9.1661e+03	-3.9266e+00	8.4978e+04	1.2380e+06
9.7586e+01	9.1611e+03	-4.0732e+00	8.4975e+04	1.1933e+06
1.0128e+02	9.1556e+03	-4.2210e+00	8.4892e+04	1.1502e+06
1.0511e+02	9.1494e+03	-4.3767e+00	8.4863e+04	1.1088e+06
1.0910e+02	9.1431e+03	-4.5354e+00	8.4785e+04	1.0689e+06
1.1322e+02	9.1363e+03	-4.7002e+00	8.4719e+04	1.0304e+06
1.1751e+02	9.1293e+03	-4.8709e+00	8.4649e+04	9.9331e+05
1.2196e+02	9.1220e+03	-5.0483e+00	8.4592e+04	9.5759e+05
1.2658e+02	9.1140e+03	-5.2337e+00	8.4566e+04	9.2321e+05
1.3137e+02	9.1052e+03	-5.4238e+00	8.4513e+04	8.9011e+05
1.3634e+02	9.0954e+03	-5.6236e+00	8.4513e+04	8.5828e+05
1.4151e+02	9.0854e+03	-5.8263e+00	8.4447e+04	8.2759e+05
1.4686e+02	9.0747e+03	-6.0356e+00	8.4378e+04	7.9804e+05
1.5242e+02	9.0633e+03	-6.2474e+00	8.4248e+04	7.6958e+05
1.5819e+02	9.0508e+03	-6.4592e+00	8.4031e+04	7.4223e+05
1.6418e+02	9.0373e+03	-6.6888e+00	8.3955e+04	7.1588e+05
1.7040e+02	9.0229e+03	-6.9256e+00	8.3877e+04	6.9054e+05
1.7685e+02	9.0078e+03	-7.1686e+00	8.3778e+04	6.6611e+05
1.8355e+02	8.9924e+03	-7.4175e+00	8.3653e+04	6.4256e+05
1.9049e+02	8.9756e+03	-7.6775e+00	8.3566e+04	6.1990e+05
1.9771e+02	8.9573e+03	-7.9429e+00	8.3454e+04	5.9812e+05
2.0519e+02	8.9377e+03	-8.2131e+00	8.3308e+04	5.7718e+05
2.1296e+02	8.9168e+03	-8.4929e+00	8.3179e+04	5.5704e+05
2.2102e+02	8.8940e+03	-8.7782e+00	8.3028e+04	5.3768e+05
2.2939e+02	8.8702e+03	-9.0690e+00	8.2850e+04	5.1905e+05
2.3808e+02	8.8452e+03	-9.3723e+00	8.2706e+04	5.0109e+05
2.4709e+02	8.8187e+03	-9.6784e+00	8.2515e+04	4.8383e+05
2.5645e+02	8.7901e+03	-9.9911e+00	8.2315e+04	4.6726e+05
2.6615e+02	8.7601e+03	-1.0307e+01	8.2071e+04	4.5131e+05
2.7623e+02	8.7284e+03	-1.0625e+01	8.1790e+04	4.3598e+05
2.8669e+02	8.6945e+03	-1.0952e+01	8.1515e+04	4.2125e+05
2.9754e+02	8.6587e+03	-1.1290e+01	8.1268e+04	4.0709e+05
3.0881e+02	8.6209e+03	-1.1631e+01	8.0992e+04	3.9349e+05
3.2050e+02	8.5828e+03	-1.1973e+01	8.0655e+04	3.8034e+05
3.3263e+02	8.5399e+03	-1.2323e+01	8.0353e+04	3.6783e+05
3.4523e+02	8.4953e+03	-1.2679e+01	8.0039e+04	3.5578e+05
3.5830e+02	8.4486e+03	-1.3029e+01	7.9651e+04	3.4421e+05
3.7186e+02	8.3996e+03	-1.3389e+01	7.9288e+04	3.3310e+05
3.8594e+02	8.3485e+03	-1.3742e+01	7.8852e+04	3.2243e+05
4.0055e+02	8.2950e+03	-1.4100e+01	7.8417e+04	3.1219e+05
4.1572e+02	8.2395e+03	-1.4460e+01	7.7967e+04	3.0235e+05
4.3145e+02	8.1815e+03	-1.4812e+01	7.7456e+04	2.9291e+05
4.4779e+02	8.1215e+03	-1.5164e+01	7.6925e+04	2.8384e+05
4.6474e+02	8.0590e+03	-1.5506e+01	7.6338e+04	2.7516e+05
4.8234e+02	7.9945e+03	-1.5845e+01	7.5726e+04	2.6682e+05
5.0060e+02	7.9274e+03	-1.6181e+01	7.5101e+04	2.5882e+05
5.1955e+02	7.8584e+03	-1.6503e+01	7.4409e+04	2.5116e+05
5.3922e+02	7.7873e+03	-1.6820e+01	7.3699e+04	2.4380e+05
5.5964e+02	7.7141e+03	-1.7126e+01	7.2953e+04	2.3675e+05
5.8082e+02	7.6395e+03	-1.7419e+01	7.2153e+04	2.2998e+05
6.0281e+02	7.5630e+03	-1.7701e+01	7.1325e+04	2.2348e+05
6.2564e+02	7.4849e+03	-1.7966e+01	7.0447e+04	2.1725e+05
6.4932e+02	7.4051e+03	-1.8221e+01	6.9549e+04	2.1127e+05
6.7391e+02	7.3247e+03	-1.8455e+01	6.8586e+04	2.0552e+05
6.9942e+02	7.2434e+03	-1.8667e+01	6.7569e+04	2.0000e+05
7.2590e+02	7.1611e+03	-1.8864e+01	6.6519e+04	1.9469e+05
7.5338e+02	7.0784e+03	-1.9035e+01	6.5409e+04	1.8959e+05
7.8191e+02	6.9949e+03	-1.9188e+01	6.4270e+04	1.8468e+05
8.1151e+02	6.9116e+03	-1.9320e+01	6.3087e+04	1.7994e+05
8.4223e+02	6.8281e+03	-1.9428e+01	6.1859e+04	1.7538e+05
8.7412e+02	6.7447e+03	-1.9516e+01	6.0602e+04	1.7098e+05
9.0721e+02	6.6617e+03	-1.9578e+01	5.9298e+04	1.6673e+05
9.4156e+02	6.5799e+03	-1.9610e+01	5.7938e+04	1.6262e+05
9.7721e+02	6.4986e+03	-1.9623e+01	5.6558e+04	1.5863e+05
1.0142e+03	6.4184e+03	-1.9613e+01	5.5148e+04	1.5476e+05
1.0526e+03	6.3392e+03	-1.9577e+01	5.3705e+04	1.5102e+05
1.0925e+03	6.2616e+03	-1.9518e+01	5.2236e+04	1.4736e+05
1.1338e+03	6.1852e+03	-1.9424e+01	5.0715e+04	1.4382e+05
1.1767e+03	6.1105e+03	-1.9312e+01	4.9190e+04	1.4037e+05
1.2213e+03	6.0378e+03	-1.9188e+01	4.7670e+04	1.3698e+05
1.2675e+03	5.9672e+03	-1.9021e+01	4.6084e+04	1.3368e+05
1.3155e+03	5.8981e+03	-1.8843e+01	4.4519e+04	1.3045e+05
1.3653e+03	5.8313e+03	-1.8648e+01	4.2953e+04	1.2728e+05
1.4170e+03	5.7670e+03	-1.8434e+01	4.1383e+04	1.2416e+05
1.4707e+03	5.7045e+03	-1.8201e+01	3.9820e+04	1.2110e+05
1.5263e+03	5.6444e+03	-1.7948e+01	3.8255e+04	1.1810e+05
1.5841e+03	5.5864e+03	-1.7679e+01	3.6702e+04	1.1514e+05
1.6441e+03	5.5309e+03	-1.7391e+01	3.5154e+04	1.1224e+05
1.7063e+03	5.4775e+03	-1.7099e+01	3.3645e+04	1.0937e+05
1.7709e+03	5.4263e+03	-1.6795e+01	3.2159e+04	1.0655e+05
1.8380e+03	5.3771e+03	-1.6480e+01	3.0699e+04	1.0377e+05
1.9076e+03	5.3306e+03	-1.6152e+01	2.9259e+04	1.0103e+05
1.9798e+03	5.2859e+03	-1.5821e+01	2.7863e+04	9.8326e+04
2.0548e+03	5.2437e+03	-1.5478e+01	2.6491e+04	9.5662e+04
2.1325e+03	5.2036e+03	-1.5135e+01	2.5163e+04	9.3035e+04
2.2133e+03	5.1657e+03	-1.4784e+01	2.3870e+04	9.0447e+04
2.2971e+03	5.1294e+03	-1.4431e+01	2.2620e+04	8.7905e+04
2.3840e+03	5.0952e+03	-1.4078e+01	2.1416e+04	8.5400e+04
2.4743e+03	5.0632e+03	-1.3725e+01	2.0255e+04	8.2932e+04
2.5680e+03	5.0326e+03	-1.3371e+01	1.9137e+04	8.0512e+04
2.6652e+03	5.0037e+03	-1.3019e+01	1.8066e+04	7.8135e+04
2.7661e+03	4.9764e+03	-1.2663e+01	1.7031e+04	7.5806e+04
2.8708e+03	4.9506e+03	-1.2317e+01	1.6053e+04	7.3519e+04
2.9795e+03	4.9263e+03	-1.1974e+01	1.5117e+04	7.1278e+04
3.0923e+03	4.9036e+03	-1.1631e+01	1.4220e+04	6.9083e+04
3.2094e+03	4.8824e+03	-1.1293e+01	1.3366e+04	6.6931e+04
3.3309e+03	4.8626e+03	-1.0956e+01	1.2550e+04	6.4828e+04
3.4570e+03	4.8436e+03	-1.0628e+01	1.1780e+04	6.2776e+04
3.5879e+03	4.8262e+03	-1.0304e+01	1.1048e+04	6.0768e+04
3.7237e+03	4.8097e+03	-9.9848e+00	1.0354e+04	5.8810e+04
3.8647e+03	4.7941e+03	-9.6746e+00	9.7007e+03	5.6903e+04
4.0110e+03	4.7795e+03	-9.3675e+00	9.0805e+03	5.5045e+04
4.1629e+03	4.7659e+03	-9.0744e+00	8.5019e+03	5.3231e+04
4.3205e+03	4.7533e+03	-8.7855e+00	7.9541e+03	5.1466e+04
4.4841e+03	4.7413e+03	-8.4989e+00	7.4345e+03	4.9752e+04
4.6538e+03	4.7302e+03	-8.2218e+00	6.9477e+03	4.8084e+04
4.8300e+03	4.7200e+03	-7.9502e+00	6.4886e+03	4.6462e+04
5.0129e+03	4.7102e+03	-7.6849e+00	6.0571e+03	4.4889e+04
5.2027e+03	4.7012e+03	-7.4350e+00	5.6583e+03	4.3359e+04
5.3996e+03	4.6927e+03	-7.1869e+00	5.2804e+03	4.1876e+04
5.6041e+03	4.6853e+03	-6.9438e+00	4.9243e+03	4.0433e+04
5.8162e+03	4.6775e+03	-6.7088e+00	4.5925e+03	3.9042e+04
6.0365e+03	4.6709e+03	-6.4799e+00	4.2807e+03	3.7689e+04
6.2650e+03	4.6646e+03	-6.2601e+00	3.9906e+03	3.6379e+04
6.5022e+03	4.6583e+03	-6.0437e+00	3.7176e+03	3.5113e+04
6.7484e+03	4.6528e+03	-5.8371e+00	3.4641e+03	3.3885e+04
7.0038e+03	4.6473e+03	-5.6339e+00	3.2258e+03	3.2699e+04
7.2690e+03	4.6424e+03	-5.4394e+00	3.0043e+03	3.1550e+04
7.5442e+03	4.6378e+03	-5.2500e+00	2.7969e+03	3.0439e+04
7.8298e+03	4.6336e+03	-5.0676e+00	2.6039e+03	2.9363e+04
8.1263e+03	4.6298e+03	-4.8915e+00	2.4239e+03	2.8323e+04
8.4339e+03	4.6261e+03	-4.7170e+00	2.2542e+03	2.7319e+04
8.7532e+03	4.6232e+03	-4.5571e+00	2.0998e+03	2.6345e+04
9.0846e+03	4.6202e+03	-4.3986e+00	1.9542e+03	2.5406e+04
9.4286e+03	4.6171e+03	-4.2525e+00	1.8217e+03	2.4500e+04
9.7855e+03	4.6140e+03	-4.1010e+00	1.6940e+03	2.3627e+04
1.0156e+04	4.6120e+03	-3.9532e+00	1.5742e+03	2.2779e+04
1.0541e+04	4.6092e+03	-3.8166e+00	1.4653e+03	2.1965e+04
1.0940e+04	4.6072e+03	-3.6818e+00	1.3627e+03	2.1176e+04
1.1354e+04	4.6048e+03	-3.5489e+00	1.2663e+03	2.0417e+04
1.1784e+04	4.6030e+03	-3.4315e+00	1.1802e+03	1.9683e+04
1.2230e+04	4.6013e+03	-3.3102e+00	1.0974e+03	1.8974e+04
1.2693e+04	4.5994e+03	-3.1930e+00	1.0204e+03	1.8292e+04
1.3173e+04	4.5979e+03	-3.0802e+00	9.4878e+02	1.7632e+04
1.3672e+04	4.5966e+03	-2.9697e+00	8.8168e+02	1.6995e+04
1.4190e+04	4.5955e+03	-2.8705e+00	8.2134e+02	1.6381e+04
1.4727e+04	4.5941e+03	-2.7745e+00	7.6518e+02	1.5789e+04
1.5284e+04	4.5931e+03	-2.6796e+00	7.1223e+02	1.5218e+04
1.5863e+04	4.5921e+03	-2.5822e+00	6.6147e+02	1.4667e+04
1.6464e+04	4.5914e+03	-2.4906e+00	6.1483e+02	1.4135e+04
1.7087e+04	4.5904e+03	-2.4004e+00	5.7109e+02	1.3623e+04
1.7734e+04	4.5895e+03	-2.3198e+00	5.3189e+02	1.3130e+04
1.8405e+04	4.5887e+03	-2.2407e+00	4.9510e+02	1.2654e+04
1.9102e+04	4.5878e+03	-2.1626e+00	4.6051e+02	1.2195e+04
1.9825e+04	4.5870e+03	-2.0867e+00	4.2822e+02	1.1753e+04
2.0576e+04	4.5863e+03	-2.0114e+00	3.9779e+02	1.1327e+04
2.1355e+04	4.5855e+03	-1.9424e+00	3.7019e+02	1.0915e+04
2.2163e+04	4.5849e+03	-1.8808e+00	3.4542e+02	1.0519e+04
2.3002e+04	4.5844e+03	-1.8181e+00	3.2177e+02	1.0137e+04
2.3873e+04	4.5839e+03	-1.7521e+00	2.9881e+02	9.7686e+03
2.4777e+04	4.5834e+03	-1.6920e+00	2.7807e+02	9.4135e+03
2.5715e+04	4.5832e+03	-1.6365e+00	2.5915e+02	9.0707e+03
2.6689e+04	4.5828e+03	-1.5830e+00	2.4156e+02	8.7409e+03
2.7699e+04	4.5826e+03	-1.5329e+00	2.2540e+02	8.4227e+03
2.8748e+04	4.5819e+03	-1.4855e+00	2.1049e+02	8.1168e+03
2.9836e+04	4.5814e+03	-1.4350e+00	1.9594e+02	7.8217e+03
3.0966e+04	4.5809e+03	-1.3894e+00	1.8281e+02	7.5374e+03
3.2138e+04	4.5807e+03	-1.3456e+00	1.7061e+02	7.2628e+03
3.3355e+04	4.5805e+03	-1.3008e+00	1.5891e+02	6.9983e+03
3.4618e+04	4.5803e+03	-1.2596e+00	1.4828e+02	6.7435e+03
3.5928e+04	4.5800e+03	-1.2172e+00	1.3807e+02	6.4979e+03
3.7289e+04	4.5798e+03	-1.1774e+00	1.2868e+02	6.2612e+03
3.8700e+04	4.5798e+03	-1.1383e+00	1.1988e+02	6.0330e+03
4.0166e+04	4.5794e+03	-1.1052e+00	1.1215e+02	5.8134e+03
4.1686e+04	4.5793e+03	-1.0715e+00	1.0477e+02	5.6016e+03
4.3264e+04	4.5789e+03	-1.0391e+00	9.7901e+01	5.3978e+03
4.4902e+04	4.5788e+03	-1.0109e+00	9.1774e+01	5.2010e+03
4.6602e+04	4.5786e+03	-9.7959e-01	8.5692e+01	5.0116e+03
4.8367e+04	4.5784e+03	-9.4970e-01	8.0050e+01	4.8290e+03
5.0198e+04	4.5783e+03	-9.2175e-01	7.4861e+01	4.6530e+03
5.2098e+04	4.5781e+03	-8.9887e-01	7.0343e+01	4.4834e+03
5.4071e+04	4.5781e+03	-8.7439e-01	6.5933e+01	4.3200e+03
5.6118e+04	4.5781e+03	-8.5093e-01	6.1823e+01	4.1624e+03
5.8243e+04	4.5781e+03	-8.2869e-01	5.8011e+01	4.0106e+03
6.0448e+04	4.5779e+03	-8.0975e-01	5.4619e+01	3.8645e+03
6.2736e+04	4.5777e+03	-7.8793e-01	5.1211e+01	3.7237e+03
6.5111e+04	4.5778e+03	-7.7228e-01	4.8362e+01	3.5878e+03
6.7576e+04	4.5777e+03	-7.5327e-01	4.5452e+01	3.4570e+03
7.0135e+04	4.5775e+03	-7.3432e-01	4.2694e+01	3.3311e+03
7.2790e+04	4.5774e+03	-7.2191e-01	4.0443e+01	3.2096e+03
7.5546e+04	4.5773e+03	-7.0900e-01	3.8271e+01	3.0926e+03
7.8406e+04	4.5771e+03	-6.9414e-01	3.6104e+01	2.9799e+03
8.1375e+04	4.5770e+03	-6.7914e-01	3.4036e+01	2.8713e+03
8.4455e+04	4.5768e+03	-6.6872e-01	3.2292e+01	2.7667e+03
8.7653e+04	4.5769e+03	-6.5635e-01	3.0539e+01	2.6657e+03
9.0971e+04	4.5769e+03	-6.4608e-01	2.8964e+01	2.5685e+03
9.4416e+04	4.5768e+03	-6.3818e-01	2.7567e+01	2.4748e+03
9.7990e+04	4.5768e+03	-6.3182e-01	2.6296e+01	2.3845e+03
1.0170e+05	4.5768e+03	-6.2040e-01	2.4879e+01	2.2976e+03
1.0555e+05	4.5765e+03	-6.1347e-01	2.3705e+01	2.2139e+03
1.0955e+05	4.5764e+03	-6.0821e-01	2.2645e+01	2.1332e+03
1.1369e+05	4.5763e+03	-6.0475e-01	2.1696e+01	2.0554e+03
1.1800e+05	4.5764e+03	-5.9875e-01	2.0696e+01	1.9804e+03
1.2247e+05	4.5765e+03	-5.9660e-01	1.9869e+01	1.9081e+03
1.2710e+05	4.5765e+03	-5.9419e-01	1.9067e+01	1.8385e+03
1.3191e+05	4.5765e+03	-5.9251e-01	1.8320e+01	1.7715e+03
1.3691e+05	4.5764e+03	-5.9237e-01	1.7648e+01	1.7069e+03
1.4209e+05	4.5763e+03	-5.9286e-01	1.7018e+01	1.6446e+03
1.4747e+05	4.5764e+03	-5.9599e-01	1.6484e+01	1.5846e+03
1.5305e+05	4.5763e+03	-5.9582e-01	1.5878e+01	1.5268e+03
1.5885e+05	4.5762e+03	-5.9782e-01	1.5350e+01	1.4712e+03
1.6486e+05	4.5763e+03	-6.0110e-01	1.4872e+01	1.4175e+03
1.7110e+05	4.5763e+03	-6.0259e-01	1.4365e+01	1.3658e+03
1.7758e+05	4.5763e+03	-6.0886e-01	1.3985e+01	1.3160e+03
1.8431e+05	4.5763e+03	-6.1536e-01	1.3618e+01	1.2679e+03
1.9128e+05	4.5763e+03	-6.1895e-01	1.3198e+01	1.2217e+03
1.9853e+05	4.5764e+03	-6.2692e-01	1.2880e+01	1.1771e+03
2.0604e+05	4.5762e+03	-6.3477e-01	1.2566e+01	1.1342e+03
2.1384e+05	4.5761e+03	-6.4362e-01	1.2277e+01	1.0929e+03
2.2194e+05	4.5760e+03	-6.5519e-01	1.2042e+01	1.0530e+03
2.3034e+05	4.5760e+03	-6.6508e-01	1.1778e+01	1.0146e+03
2.3906e+05	4.5760e+03	-6.7703e-01	1.1552e+01	9.7758e+02
2.4811e+05	4.5759e+03	-6.8903e-01	1.1328e+01	9.4195e+02
2.5751e+05	4.5758e+03	-7.0233e-01	1.1126e+01	9.0759e+02
2.6726e+05	4.5758e+03	-7.1412e-01	1.0900e+01	8.7448e+02
2.7737e+05	4.5757e+03	-7.3427e-01	1.0799e+01	8.4261e+02
2.8788e+05	4.5757e+03	-7.4905e-01	1.0614e+01	8.1186e+02
2.9877e+05	4.5756e+03	-7.6671e-01	1.0468e+01	7.8225e+02
3.1009e+05	4.5756e+03	-7.8668e-01	1.0349e+01	7.5371e+02
3.2183e+05	4.5757e+03	-8.0577e-01	1.0214e+01	7.2621e+02
3.3401e+05	4.5757e+03	-8.2407e-01	1.0065e+01	6.9971e+02
3.4666e+05	4.5756e+03	-8.4589e-01	9.9543e+00	6.7420e+02
3.5978e+05	4.5755e+03	-8.6902e-01	9.8536e+00	6.4961e+02
3.7340e+05	4.5754e+03	-8.9368e-01	9.7637e+00	6.2592e+02
3.8754e+05	4.5754e+03	-9.1803e-01	9.6640e+00	6.0309e+02
4.0221e+05	4.5754e+03	-9.4480e-01	9.5828e+00	5.8108e+02
4.1744e+05	4.5753e+03	-9.7420e-01	9.5209e+00	5.5990e+02
4.3324e+05	4.5751e+03	-1.0036e+00	9.4503e+00	5.3949e+02
4.4964e+05	4.5752e+03	-1.0324e+00	9.3670e+00	5.1980e+02
4.6667e+05	4.5750e+03	-1.0650e+00	9.3104e+00	5.0085e+02
4.8433e+05	4.5750e+03	-1.0982e+00	9.2508e+00	4.8257e+02
5.0267e+05	4.5749e+03	-1.1327e+00	9.1936e+00	4.6498e+02
5.2170e+05	4.5748e+03	-1.1702e+00	9.1519e+00	4.4802e+02
5.4145e+05	4.5748e+03	-1.2052e+00	9.0812e+00	4.3167e+02
5.6195e+05	4.5746e+03	-1.2435e+00	9.0287e+00	4.1594e+02
5.8323e+05	4.5745e+03	-1.2839e+00	8.9815e+00	4.0076e+02
6.0531e+05	4.5745e+03	-1.3282e+00	8.9528e+00	3.8614e+02
6.2823e+05	4.5744e+03	-1.3722e+00	8.9122e+00	3.7206e+02
6.5201e+05	4.5742e+03	-1.4181e+00	8.8748e+00	3.5849e+02
6.7670e+05	4.5741e+03	-1.4673e+00	8.8476e+00	3.4541e+02
7.0232e+05	4.5740e+03	-1.5168e+00	8.8125e+00	3.3281e+02
7.2891e+05	4.5738e+03	-1.5696e+00	8.7871e+00	3.2068e+02
7.5650e+05	4.5737e+03	-1.6242e+00	8.7611e+00	3.0898e+02
7.8514e+05	4.5736e+03	-1.6801e+00	8.7320e+00	2.9770e+02
8.1487e+05	4.5734e+03	-1.7411e+00	8.7195e+00	2.8685e+02
8.4572e+05	4.5732e+03	-1.8042e+00	8.7059e+00	2.7639e+02
8.7774e+05	4.5732e+03	-1.8678e+00	8.6841e+00	2.6630e+02
9.1097e+05	4.5731e+03	-1.9336e+00	8.6621e+00	2.5658e+02
9.4546e+05	4.5730e+03	-2.0042e+00	8.6512e+00	2.4721e+02
9.8125e+05	4.5727e+03	-2.0758e+00	8.6338e+00	2.3820e+02
1.0184e+06	4.5724e+03	-2.1511e+00	8.6208e+00	2.2951e+02
1.0570e+06	4.5721e+03	-2.2284e+00	8.6053e+00	2.2115e+02
1.0970e+06	4.5718e+03	-2.3097e+00	8.5941e+00	2.1308e+02
1.1385e+06	4.5705e+03	-2.3879e+00	8.5634e+00	2.0535e+02
1.1816e+06	4.5704e+03	-2.4762e+00	8.5561e+00	1.9786e+02
1.2263e+06	4.5700e+03	-2.5665e+00	8.5452e+00	1.9064e+02
1.2728e+06	4.5696e+03	-2.6595e+00	8.5326e+00	1.8369e+02
1.3210e+06	4.5691e+03	-2.7557e+00	8.5191e+00	1.7699e+02
1.3710e+06	4.5687e+03	-2.8556e+00	8.5066e+00	1.7054e+02
1.4229e+06	4.5682e+03	-2.9618e+00	8.5016e+00	1.6432e+02
1.4767e+06	4.5677e+03	-3.0691e+00	8.4890e+00	1.5833e+02
1.5327e+06	4.5673e+03	-3.1822e+00	8.4812e+00	1.5255e+02
1.5907e+06	4.5668e+03	-3.3001e+00	8.4754e+00	1.4698e+02
1.6509e+06	4.5662e+03	-3.4216e+00	8.4673e+00	1.4162e+02
1.7134e+06	4.5655e+03	-3.5485e+00	8.4620e+00	1.3646e+02
1.7783e+06	4.5648e+03	-3.6805e+00	8.4576e+00	1.3148e+02
1.8456e+06	4.5641e+03	-3.8179e+00	8.4542e+00	1.2669e+02
1.9155e+06	4.5633e+03	-3.9597e+00	8.4494e+00	1.2206e+02
1.9880e+06	4.5623e+03	-4.1092e+00	8.4497e+00	1.1761e+02
2.0633e+06	4.5615e+03	-4.2607e+00	8.4426e+00	1.1332e+02
2.1414e+06	4.5605e+03	-4.4197e+00	8.4396e+00	1.0919e+02
2.2224e+06	4.5593e+03	-4.5828e+00	8.4333e+00	1.0521e+02
2.3066e+06	4.5582e+03	-4.7527e+00	8.4281e+00	1.0137e+02
2.3939e+06	4.5570e+03	-4.9285e+00	8.4225e+00	9.7674e+01
2.4845e+06	4.5556e+03	-5.1144e+00	8.4232e+00	9.4113e+01
2.5786e+06	4.5542e+03	-5.3053e+00	8.4207e+00	9.0681e+01
2.6762e+06	4.5527e+03	-5.5009e+00	8.4145e+00	8.7374e+01
2.7776e+06	4.5510e+03	-5.7062e+00	8.4124e+00	8.4189e+01
2.8827e+06	4.5493e+03	-5.9197e+00	8.4109e+00	8.1118e+01
2.9919e+06	4.5473e+03	-6.1401e+00	8.4082e+00	7.8160e+01
3.1051e+06	4.5453e+03	-6.3704e+00	8.4080e+00	7.5309e+01
3.2227e+06	4.5432e+03	-6.6074e+00	8.4052e+00	7.2562e+01
3.3447e+06	4.5407e+03	-6.8532e+00	8.4029e+00	6.9917e+01
3.4713e+06	4.5383e+03	-7.1071e+00	8.3995e+00	6.7366e+01
3.6028e+06	4.5355e+03	-7.3721e+00	8.3983e+00	6.4910e+01
3.7392e+06	4.5326e+03	-7.6460e+00	8.3962e+00	6.2544e+01
3.8807e+06	4.5294e+03	-7.9302e+00	8.3946e+00	6.0263e+01
4.0276e+06	4.5260e+03	-8.2242e+00	8.3924e+00	5.8066e+01
4.1801e+06	4.5223e+03	-8.5298e+00	8.3915e+00	5.5950e+01
4.3384e+06	4.5185e+03	-8.8452e+00	8.3891e+00	5.3909e+01
4.5026e+06	4.5142e+03	-9.1719e+00	8.3871e+00	5.1945e+01
4.6731e+06	4.5098e+03	-9.5118e+00	8.3861e+00	5.0050e+01
4.8500e+06	4.5050e+03	-9.8628e+00	8.3844e+00	4.8226e+01
5.0336e+06	4.4999e+03	-1.0227e+01	8.3834e+00	4.6467e+01
5.2242e+06	4.4942e+03	-1.0604e+01	8.3825e+00	4.4774e+01
5.4220e+06	4.4884e+03	-1.0995e+01	8.3814e+00	4.3140e+01
5.6273e+06	4.4820e+03	-1.1397e+01	8.3791e+00	4.1568e+01
5.8403e+06	4.4754e+03	-1.1813e+01	8.3766e+00	4.0051e+01
6.0614e+06	4.4680e+03	-1.2245e+01	8.3755e+00	3.8592e+01
6.2909e+06	4.4602e+03	-1.2693e+01	8.3749e+00	3.7185e+01
6.5291e+06	4.4519e+03	-1.3155e+01	8.3740e+00	3.5829e+01
6.7763e+06	4.4431e+03	-1.3630e+01	8.3711e+00	3.4522e+01
7.0328e+06	4.4336e+03	-1.4124e+01	8.3696e+00	3.3263e+01
7.2991e+06	4.4232e+03	-1.4636e+01	8.3704e+00	3.2051e+01
7.5754e+06	4.4123e+03	-1.5165e+01	8.3703e+00	3.0883e+01
7.8622e+06	4.4007e+03	-1.5708e+01	8.3687e+00	2.9756e+01
8.1599e+06	4.3882e+03	-1.6272e+01	8.3688e+00	2.8672e+01
8.4688e+06	4.3749e+03	-1.6852e+01	8.3684e+00	2.7627e+01
8.7895e+06	4.3607e+03	-1.7449e+01	8.3672e+00	2.6620e+01
9.1222e+06	4.3458e+03	-1.8064e+01	8.3656e+00	2.5648e+01
9.4676e+06	4.3299e+03	-1.8697e+01	8.3635e+00	2.4713e+01
9.8260e+06	4.3129e+03	-1.9349e+01	8.3614e+00	2.3811e+01
1.0198e+07	4.2948e+03	-2.0022e+01	8.3606e+00	2.2943e+01
1.0584e+07	4.2754e+03	-2.0717e+01	8.3607e+00	2.2106e+01
1.0985e+07	4.2550e+03	-2.1428e+01	8.3595e+00	2.1300e+01
1.1401e+07	4.2330e+03	-2.2161e+01	8.3595e+00	2.0524e+01
1.1832e+07	4.2102e+03	-2.2910e+01	8.3574e+00	1.9775e+01
1.2280e+07	4.1860e+03	-2.3679e+01	8.3557e+00	1.9054e+01
1.2745e+07	4.1605e+03	-2.4467e+01	8.3535e+00	1.8358e+01
1.3228e+07	4.1335e+03	-2.5276e+01	8.3518e+00	1.7688e+01
1.3729e+07	4.1049e+03	-2.6105e+01	8.3506e+00	1.7042e+01
1.4248e+07	4.0749e+03	-2.6953e+01	8.3490e+00	1.6419e+01
1.4788e+07	4.0432e+03	-2.7821e+01	8.3483e+00	1.5820e+01
1.5348e+07	4.0043e+03	-2.8745e+01	8.3690e+00	1.5258e+01
1.5929e+07	3.9690e+03	-2.9648e+01	8.3682e+00	1.4702e+01
1.6532e+07	3.9319e+03	-3.0569e+01	8.3679e+00	1.4167e+01
1.7158e+07	3.8932e+03	-3.1506e+01	8.3669e+00	1.3651e+01
1.7807e+07	3.8528e+03	-3.2461e+01	8.3667e+00	1.3153e+01
1.8481e+07	3.8107e+03	-3.3430e+01	8.3662e+00	1.2674e+01
1.9181e+07	3.7668e+03	-3.4416e+01	8.3662e+00	1.2211e+01
1.9907e+07	3.7211e+03	-3.5412e+01	8.3659e+00	1.1767e+01
2.0661e+07	3.6727e+03	-3.6441e+01	8.3720e+00	1.1338e+01
2.1443e+07	3.6242e+03	-3.7478e+01	8.3735e+00	1.0921e+01
2.2255e+07	3.5726e+03	-3.8507e+01	8.3751e+00	1.0526e+01
2.3098e+07	3.5203e+03	-3.9542e+01	8.3738e+00	1.0143e+01
2.3972e+07	3.4667e+03	-4.0592e+01	8.3738e+00	9.7726e+00
2.4880e+07	3.4112e+03	-4.1648e+01	8.3744e+00	9.4164e+00
2.5822e+07	3.3545e+03	-4.2709e+01	8.3747e+00	9.0729e+00
2.6799e+07	3.2967e+03	-4.3776e+01	8.3749e+00	8.7407e+00
2.7814e+07	3.2373e+03	-4.4845e+01	8.3761e+00	8.4216e+00
2.8867e+07	3.1770e+03	-4.5907e+01	8.3757e+00	8.1145e+00
2.9960e+07	3.1155e+03	-4.6981e+01	8.3775e+00	7.8173e+00
3.1094e+07	3.0528e+03	-4.8048e+01	8.3791e+00	7.5320e+00
3.2271e+07	2.9898e+03	-4.9116e+01	8.3804e+00	7.2553e+00
3.3493e+07	2.9261e+03	-5.0175e+01	8.3811e+00	6.9891e+00
3.4761e+07	2.8615e+03	-5.1230e+01	8.3830e+00	6.7328e+00
3.6077e+07	2.7965e+03	-5.2275e+01	8.3846e+00	6.4863e+00
3.7443e+07	2.7312e+03	-5.3318e+01	8.3869e+00	6.2474e+00
3.8861e+07	2.6657e+03	-5.4353e+01	8.3897e+00	6.0169e+00
4.0332e+07	2.6000e+03	-5.5380e+01	8.3931e+00	5.7944e+00
4.1859e+07	2.5343e+03	-5.6391e+01	8.3963e+00	5.5803e+00
4.3444e+07	2.4687e+03	-5.7397e+01	8.4007e+00	5.3731e+00
4.5088e+07	2.4032e+03	-5.8386e+01	8.4054e+00	5.1738e+00
4.6795e+07	2.3381e+03	-5.9361e+01	8.4104e+00	4.9817e+00
4.8567e+07	2.2733e+03	-6.0329e+01	8.4168e+00	4.7951e+00
5.0406e+07	2.2090e+03	-6.1281e+01	8.4237e+00	4.6155e+00
5.2314e+07	2.1452e+03	-6.2212e+01	8.4308e+00	4.4429e+00
5.4295e+07	2.0822e+03	-6.3136e+01	8.4392e+00	4.2747e+00
5.6350e+07	2.0196e+03	-6.4044e+01	8.4499e+00	4.1132e+00
5.8484e+07	1.9579e+03	-6.4921e+01	8.4596e+00	3.9591e+00
6.0698e+07	1.8972e+03	-6.5791e+01	8.4708e+00	3.8086e+00
6.2996e+07	1.8374e+03	-6.6643e+01	8.4829e+00	3.6633e+00
6.5381e+07	1.7782e+03	-6.7482e+01	8.4978e+00	3.5231e+00
6.7856e+07	1.7202e+03	-6.8301e+01	8.5133e+00	3.3877e+00
7.0425e+07	1.6630e+03	-6.9110e+01	8.5317e+00	3.2563e+00
7.3092e+07	1.6070e+03	-6.9901e+01	8.5508e+00	3.1289e+00
7.5859e+07	1.5516e+03	-7.0669e+01	8.5745e+00	3.0079e+00
7.8731e+07	1.4974e+03	-7.1417e+01	8.5988e+00	2.8910e+00
8.1712e+07	1.4443e+03	-7.2143e+01	8.6258e+00	2.7789e+00
8.4805e+07	1.3922e+03	-7.2844e+01	8.6555e+00	2.6720e+00
8.8016e+07	1.3412e+03	-7.3519e+01	8.6876e+00	2.5702e+00
9.1348e+07	1.2913e+03	-7.4174e+01	8.7234e+00	2.4728e+00
9.4806e+07	1.2424e+03	-7.4799e+01	8.7624e+00	2.3808e+00
9.8396e+07	1.1946e+03	-7.5387e+01	8.8046e+00	2.2956e+00
1.0212e+08	1.1479e+03	-7.5934e+01	8.8496e+00	2.2173e+00
1.0599e+08	1.1025e+03	-7.6445e+01	8.8980e+00	2.1453e+00
1.1000e+08	1.0582e+03	-7.6905e+01	8.9491e+00	2.0818e+00
